20
##start
1 0 0
2 1 1
3 2 1
4 3 1
5 4 1
6 5 1
7 6 1
8 7 1
9 8 1
10 9 1
11 10 1
12 11 1
13 12 1
14 13 1
15 14 1
16 15 1
17 16 1
18 17 1
19 18 1
20 19 1
21 20 1
22 21 1
23 22 1
24 23 1
25 24 1
26 25 1
27 26 1
28 27 1
29 28 1
30 29 1
31 30 1
32 31 1
33 32 1
34 33 1
35 34 1
36 35 1
37 36 1
38 37 1
39 38 1
40 39 1
41 40 1
42 1 2
43 2 2
44 3 2
45 4 2
46 5 2
47 6 2
48 7 2
49 8 2
50 9 2
51 10 2
52 11 2
53 12 2
54 13 2
55 14 2
56 15 2
57 16 2
58 17 2
59 18 2
60 19 2
61 20 2
62 21 2
63 22 2
64 23 2
65 24 2
66 25 2
67 26 2
68 27 2
69 28 2
70 29 2
71 30 2
72 31 2
73 32 2
74 33 2
75 34 2
76 35 2
77 36 2
78 37 2
79 38 2
80 39 2
81 40 2
82 1 3
83 2 3
84 3 3
85 4 3
86 5 3
87 6 3
88 7 3
89 8 3
90 9 3
91 10 3
92 11 3
93 12 3
94 13 3
95 14 3
96 15 3
97 16 3
98 17 3
99 18 3
100 19 3
101 20 3
102 21 3
103 22 3
104 23 3
105 24 3
106 25 3
107 26 3
108 27 3
109 28 3
110 29 3
111 30 3
112 31 3
113 32 3
114 33 3
115 34 3
116 35 3
117 36 3
118 37 3
119 38 3
120 39 3
121 40 3
122 1 4
123 2 4
124 3 4
125 4 4
126 5 4
127 6 4
128 7 4
129 8 4
130 9 4
131 10 4
132 11 4
133 12 4
134 13 4
135 14 4
136 15 4
137 16 4
138 17 4
139 18 4
140 19 4
141 20 4
142 21 4
143 22 4
144 23 4
145 24 4
146 25 4
147 26 4
148 27 4
149 28 4
150 29 4
151 30 4
152 31 4
153 32 4
154 33 4
155 34 4
156 35 4
157 36 4
158 37 4
159 38 4
160 39 4
161 40 4
162 1 5
163 2 5
164 3 5
165 4 5
166 5 5
167 6 5
168 7 5
169 8 5
170 9 5
171 10 5
172 11 5
173 12 5
174 13 5
175 14 5
176 15 5
177 16 5
178 17 5
179 18 5
180 19 5
181 20 5
182 21 5
183 22 5
184 23 5
185 24 5
186 25 5
187 26 5
188 27 5
189 28 5
190 29 5
191 30 5
192 31 5
193 32 5
194 33 5
195 34 5
196 35 5
197 36 5
198 37 5
199 38 5
200 39 5
201 40 5
202 1 6
203 2 6
204 3 6
205 4 6
206 5 6
207 6 6
208 7 6
209 8 6
210 9 6
211 10 6
212 11 6
213 12 6
214 13 6
215 14 6
216 15 6
217 16 6
218 17 6
219 18 6
220 19 6
221 20 6
222 21 6
223 22 6
224 23 6
225 24 6
226 25 6
227 26 6
228 27 6
229 28 6
230 29 6
231 30 6
232 31 6
233 32 6
234 33 6
235 34 6
236 35 6
237 36 6
238 37 6
239 38 6
240 39 6
241 40 6
242 1 7
243 2 7
244 3 7
245 4 7
246 5 7
247 6 7
248 7 7
249 8 7
250 9 7
251 10 7
252 11 7
253 12 7
254 13 7
255 14 7
256 15 7
257 16 7
258 17 7
259 18 7
260 19 7
261 20 7
262 21 7
263 22 7
264 23 7
265 24 7
266 25 7
267 26 7
268 27 7
269 28 7
270 29 7
271 30 7
272 31 7
273 32 7
274 33 7
275 34 7
276 35 7
277 36 7
278 37 7
279 38 7
280 39 7
281 40 7
282 1 8
283 2 8
284 3 8
285 4 8
286 5 8
287 6 8
288 7 8
289 8 8
290 9 8
291 10 8
292 11 8
293 12 8
294 13 8
295 14 8
296 15 8
297 16 8
298 17 8
299 18 8
300 19 8
301 20 8
302 21 8
303 22 8
304 23 8
305 24 8
306 25 8
307 26 8
308 27 8
309 28 8
310 29 8
311 30 8
312 31 8
313 32 8
314 33 8
315 34 8
316 35 8
317 36 8
318 37 8
319 38 8
320 39 8
321 40 8
322 1 9
323 2 9
324 3 9
325 4 9
326 5 9
327 6 9
328 7 9
329 8 9
330 9 9
331 10 9
332 11 9
333 12 9
334 13 9
335 14 9
336 15 9
337 16 9
338 17 9
339 18 9
340 19 9
341 20 9
342 21 9
343 22 9
344 23 9
345 24 9
346 25 9
347 26 9
348 27 9
349 28 9
350 29 9
351 30 9
352 31 9
353 32 9
354 33 9
355 34 9
356 35 9
357 36 9
358 37 9
359 38 9
360 39 9
361 40 9
362 1 10
363 2 10
364 3 10
365 4 10
366 5 10
367 6 10
368 7 10
369 8 10
370 9 10
371 10 10
372 11 10
373 12 10
374 13 10
375 14 10
376 15 10
377 16 10
378 17 10
379 18 10
380 19 10
381 20 10
382 21 10
383 22 10
384 23 10
385 24 10
386 25 10
387 26 10
388 27 10
389 28 10
390 29 10
391 30 10
392 31 10
393 32 10
394 33 10
395 34 10
396 35 10
397 36 10
398 37 10
399 38 10
400 39 10
401 40 10
402 1 11
403 2 11
404 3 11
405 4 11
406 5 11
407 6 11
408 7 11
409 8 11
410 9 11
411 10 11
412 11 11
413 12 11
414 13 11
415 14 11
416 15 11
417 16 11
418 17 11
419 18 11
420 19 11
421 20 11
422 21 11
423 22 11
424 23 11
425 24 11
426 25 11
427 26 11
428 27 11
429 28 11
430 29 11
431 30 11
432 31 11
433 32 11
434 33 11
435 34 11
436 35 11
437 36 11
438 37 11
439 38 11
440 39 11
441 40 11
442 1 12
443 2 12
444 3 12
445 4 12
446 5 12
447 6 12
448 7 12
449 8 12
450 9 12
451 10 12
452 11 12
453 12 12
454 13 12
455 14 12
456 15 12
457 16 12
458 17 12
459 18 12
460 19 12
461 20 12
462 21 12
463 22 12
464 23 12
465 24 12
466 25 12
467 26 12
468 27 12
469 28 12
470 29 12
471 30 12
472 31 12
473 32 12
474 33 12
475 34 12
476 35 12
477 36 12
478 37 12
479 38 12
480 39 12
481 40 12
482 1 13
483 2 13
484 3 13
485 4 13
486 5 13
487 6 13
488 7 13
489 8 13
490 9 13
491 10 13
492 11 13
493 12 13
494 13 13
495 14 13
496 15 13
497 16 13
498 17 13
499 18 13
500 19 13
501 20 13
502 21 13
503 22 13
504 23 13
505 24 13
506 25 13
507 26 13
508 27 13
509 28 13
510 29 13
511 30 13
512 31 13
513 32 13
514 33 13
515 34 13
516 35 13
517 36 13
518 37 13
519 38 13
520 39 13
521 40 13
522 1 14
523 2 14
524 3 14
525 4 14
526 5 14
527 6 14
528 7 14
529 8 14
530 9 14
531 10 14
532 11 14
533 12 14
534 13 14
535 14 14
536 15 14
537 16 14
538 17 14
539 18 14
540 19 14
541 20 14
542 21 14
543 22 14
544 23 14
545 24 14
546 25 14
547 26 14
548 27 14
549 28 14
550 29 14
551 30 14
552 31 14
553 32 14
554 33 14
555 34 14
556 35 14
557 36 14
558 37 14
559 38 14
560 39 14
561 40 14
562 1 15
563 2 15
564 3 15
565 4 15
566 5 15
567 6 15
568 7 15
569 8 15
570 9 15
571 10 15
572 11 15
573 12 15
574 13 15
575 14 15
576 15 15
577 16 15
578 17 15
579 18 15
580 19 15
581 20 15
582 21 15
583 22 15
584 23 15
585 24 15
586 25 15
587 26 15
588 27 15
589 28 15
590 29 15
591 30 15
592 31 15
593 32 15
594 33 15
595 34 15
596 35 15
597 36 15
598 37 15
599 38 15
600 39 15
601 40 15
602 1 16
603 2 16
604 3 16
605 4 16
606 5 16
607 6 16
608 7 16
609 8 16
610 9 16
611 10 16
612 11 16
613 12 16
614 13 16
615 14 16
616 15 16
617 16 16
618 17 16
619 18 16
620 19 16
621 20 16
622 21 16
623 22 16
624 23 16
625 24 16
626 25 16
627 26 16
628 27 16
629 28 16
630 29 16
631 30 16
632 31 16
633 32 16
634 33 16
635 34 16
636 35 16
637 36 16
638 37 16
639 38 16
640 39 16
641 40 16
642 1 17
643 2 17
644 3 17
645 4 17
646 5 17
647 6 17
648 7 17
649 8 17
650 9 17
651 10 17
652 11 17
653 12 17
654 13 17
655 14 17
656 15 17
657 16 17
658 17 17
659 18 17
660 19 17
661 20 17
662 21 17
663 22 17
664 23 17
665 24 17
666 25 17
667 26 17
668 27 17
669 28 17
670 29 17
671 30 17
672 31 17
673 32 17
674 33 17
675 34 17
676 35 17
677 36 17
678 37 17
679 38 17
680 39 17
681 40 17
682 1 18
683 2 18
684 3 18
685 4 18
686 5 18
687 6 18
688 7 18
689 8 18
690 9 18
691 10 18
692 11 18
693 12 18
694 13 18
695 14 18
696 15 18
697 16 18
698 17 18
699 18 18
700 19 18
701 20 18
702 21 18
703 22 18
704 23 18
705 24 18
706 25 18
707 26 18
708 27 18
709 28 18
710 29 18
711 30 18
712 31 18
713 32 18
714 33 18
715 34 18
716 35 18
717 36 18
718 37 18
719 38 18
720 39 18
721 40 18
722 1 19
723 2 19
724 3 19
725 4 19
726 5 19
727 6 19
728 7 19
729 8 19
730 9 19
731 10 19
732 11 19
733 12 19
734 13 19
735 14 19
736 15 19
737 16 19
738 17 19
739 18 19
740 19 19
741 20 19
742 21 19
743 22 19
744 23 19
745 24 19
746 25 19
747 26 19
748 27 19
749 28 19
750 29 19
751 30 19
752 31 19
753 32 19
754 33 19
755 34 19
756 35 19
757 36 19
758 37 19
759 38 19
760 39 19
761 40 19
762 1 20
763 2 20
764 3 20
765 4 20
766 5 20
767 6 20
768 7 20
769 8 20
770 9 20
771 10 20
772 11 20
773 12 20
774 13 20
775 14 20
776 15 20
777 16 20
778 17 20
779 18 20
780 19 20
781 20 20
782 21 20
783 22 20
784 23 20
785 24 20
786 25 20
787 26 20
788 27 20
789 28 20
790 29 20
791 30 20
792 31 20
793 32 20
794 33 20
795 34 20
796 35 20
797 36 20
798 37 20
799 38 20
800 39 20
801 40 20
802 1 21
803 2 21
804 3 21
805 4 21
806 5 21
807 6 21
808 7 21
809 8 21
810 9 21
811 10 21
812 11 21
813 12 21
814 13 21
815 14 21
816 15 21
817 16 21
818 17 21
819 18 21
820 19 21
821 20 21
822 21 21
823 22 21
824 23 21
825 24 21
826 25 21
827 26 21
828 27 21
829 28 21
830 29 21
831 30 21
832 31 21
833 32 21
834 33 21
835 34 21
836 35 21
837 36 21
838 37 21
839 38 21
840 39 21
841 40 21
842 1 22
843 2 22
844 3 22
845 4 22
846 5 22
847 6 22
848 7 22
849 8 22
850 9 22
851 10 22
852 11 22
853 12 22
854 13 22
855 14 22
856 15 22
857 16 22
858 17 22
859 18 22
860 19 22
861 20 22
862 21 22
863 22 22
864 23 22
865 24 22
866 25 22
867 26 22
868 27 22
869 28 22
870 29 22
871 30 22
872 31 22
873 32 22
874 33 22
875 34 22
876 35 22
877 36 22
878 37 22
879 38 22
880 39 22
881 40 22
882 1 23
883 2 23
884 3 23
885 4 23
886 5 23
887 6 23
888 7 23
889 8 23
890 9 23
891 10 23
892 11 23
893 12 23
894 13 23
895 14 23
896 15 23
897 16 23
898 17 23
899 18 23
900 19 23
901 20 23
902 21 23
903 22 23
904 23 23
905 24 23
906 25 23
907 26 23
908 27 23
909 28 23
910 29 23
911 30 23
912 31 23
913 32 23
914 33 23
915 34 23
916 35 23
917 36 23
918 37 23
919 38 23
920 39 23
921 40 23
922 1 24
923 2 24
924 3 24
925 4 24
926 5 24
927 6 24
928 7 24
929 8 24
930 9 24
931 10 24
932 11 24
933 12 24
934 13 24
935 14 24
936 15 24
937 16 24
938 17 24
939 18 24
940 19 24
941 20 24
942 21 24
943 22 24
944 23 24
945 24 24
946 25 24
947 26 24
948 27 24
949 28 24
950 29 24
951 30 24
952 31 24
953 32 24
954 33 24
955 34 24
956 35 24
957 36 24
958 37 24
959 38 24
960 39 24
961 40 24
962 1 25
963 2 25
964 3 25
965 4 25
966 5 25
967 6 25
968 7 25
969 8 25
970 9 25
971 10 25
972 11 25
973 12 25
974 13 25
975 14 25
976 15 25
977 16 25
978 17 25
979 18 25
980 19 25
981 20 25
982 21 25
983 22 25
984 23 25
985 24 25
986 25 25
987 26 25
988 27 25
989 28 25
990 29 25
991 30 25
992 31 25
993 32 25
994 33 25
995 34 25
996 35 25
997 36 25
998 37 25
999 38 25
1000 39 25
1001 40 25
1002 1 26
1003 2 26
1004 3 26
1005 4 26
1006 5 26
1007 6 26
1008 7 26
1009 8 26
1010 9 26
1011 10 26
1012 11 26
1013 12 26
1014 13 26
1015 14 26
1016 15 26
1017 16 26
1018 17 26
1019 18 26
1020 19 26
1021 20 26
1022 21 26
1023 22 26
1024 23 26
1025 24 26
1026 25 26
1027 26 26
1028 27 26
1029 28 26
1030 29 26
1031 30 26
1032 31 26
1033 32 26
1034 33 26
1035 34 26
1036 35 26
1037 36 26
1038 37 26
1039 38 26
1040 39 26
1041 40 26
1042 1 27
1043 2 27
1044 3 27
1045 4 27
1046 5 27
1047 6 27
1048 7 27
1049 8 27
1050 9 27
1051 10 27
1052 11 27
1053 12 27
1054 13 27
1055 14 27
1056 15 27
1057 16 27
1058 17 27
1059 18 27
1060 19 27
1061 20 27
1062 21 27
1063 22 27
1064 23 27
1065 24 27
1066 25 27
1067 26 27
1068 27 27
1069 28 27
1070 29 27
1071 30 27
1072 31 27
1073 32 27
1074 33 27
1075 34 27
1076 35 27
1077 36 27
1078 37 27
1079 38 27
1080 39 27
1081 40 27
1082 1 28
1083 2 28
1084 3 28
1085 4 28
1086 5 28
1087 6 28
1088 7 28
1089 8 28
1090 9 28
1091 10 28
1092 11 28
1093 12 28
1094 13 28
1095 14 28
1096 15 28
1097 16 28
1098 17 28
1099 18 28
1100 19 28
1101 20 28
1102 21 28
1103 22 28
1104 23 28
1105 24 28
1106 25 28
1107 26 28
1108 27 28
1109 28 28
1110 29 28
1111 30 28
1112 31 28
1113 32 28
1114 33 28
1115 34 28
1116 35 28
1117 36 28
1118 37 28
1119 38 28
1120 39 28
1121 40 28
1122 1 29
1123 2 29
1124 3 29
1125 4 29
1126 5 29
1127 6 29
1128 7 29
1129 8 29
1130 9 29
1131 10 29
1132 11 29
1133 12 29
1134 13 29
1135 14 29
1136 15 29
1137 16 29
1138 17 29
1139 18 29
1140 19 29
1141 20 29
1142 21 29
1143 22 29
1144 23 29
1145 24 29
1146 25 29
1147 26 29
1148 27 29
1149 28 29
1150 29 29
1151 30 29
1152 31 29
1153 32 29
1154 33 29
1155 34 29
1156 35 29
1157 36 29
1158 37 29
1159 38 29
1160 39 29
1161 40 29
1162 1 30
1163 2 30
1164 3 30
1165 4 30
1166 5 30
1167 6 30
1168 7 30
1169 8 30
1170 9 30
1171 10 30
1172 11 30
1173 12 30
1174 13 30
1175 14 30
1176 15 30
1177 16 30
1178 17 30
1179 18 30
1180 19 30
1181 20 30
1182 21 30
1183 22 30
1184 23 30
1185 24 30
1186 25 30
1187 26 30
1188 27 30
1189 28 30
1190 29 30
1191 30 30
1192 31 30
1193 32 30
1194 33 30
1195 34 30
1196 35 30
1197 36 30
1198 37 30
1199 38 30
1200 39 30
1201 40 30
1202 1 31
1203 2 31
1204 3 31
1205 4 31
1206 5 31
1207 6 31
1208 7 31
1209 8 31
1210 9 31
1211 10 31
1212 11 31
1213 12 31
1214 13 31
1215 14 31
1216 15 31
1217 16 31
1218 17 31
1219 18 31
1220 19 31
1221 20 31
1222 21 31
1223 22 31
1224 23 31
1225 24 31
1226 25 31
1227 26 31
1228 27 31
1229 28 31
1230 29 31
1231 30 31
1232 31 31
1233 32 31
1234 33 31
1235 34 31
1236 35 31
1237 36 31
1238 37 31
1239 38 31
1240 39 31
1241 40 31
1242 1 32
1243 2 32
1244 3 32
1245 4 32
1246 5 32
1247 6 32
1248 7 32
1249 8 32
1250 9 32
1251 10 32
1252 11 32
1253 12 32
1254 13 32
1255 14 32
1256 15 32
1257 16 32
1258 17 32
1259 18 32
1260 19 32
1261 20 32
1262 21 32
1263 22 32
1264 23 32
1265 24 32
1266 25 32
1267 26 32
1268 27 32
1269 28 32
1270 29 32
1271 30 32
1272 31 32
1273 32 32
1274 33 32
1275 34 32
1276 35 32
1277 36 32
1278 37 32
1279 38 32
1280 39 32
1281 40 32
1282 1 33
1283 2 33
1284 3 33
1285 4 33
1286 5 33
1287 6 33
1288 7 33
1289 8 33
1290 9 33
1291 10 33
1292 11 33
1293 12 33
1294 13 33
1295 14 33
1296 15 33
1297 16 33
1298 17 33
1299 18 33
1300 19 33
1301 20 33
1302 21 33
1303 22 33
1304 23 33
1305 24 33
1306 25 33
1307 26 33
1308 27 33
1309 28 33
1310 29 33
1311 30 33
1312 31 33
1313 32 33
1314 33 33
1315 34 33
1316 35 33
1317 36 33
1318 37 33
1319 38 33
1320 39 33
1321 40 33
1322 1 34
1323 2 34
1324 3 34
1325 4 34
1326 5 34
1327 6 34
1328 7 34
1329 8 34
1330 9 34
1331 10 34
1332 11 34
1333 12 34
1334 13 34
1335 14 34
1336 15 34
1337 16 34
1338 17 34
1339 18 34
1340 19 34
1341 20 34
1342 21 34
1343 22 34
1344 23 34
1345 24 34
1346 25 34
1347 26 34
1348 27 34
1349 28 34
1350 29 34
1351 30 34
1352 31 34
1353 32 34
1354 33 34
1355 34 34
1356 35 34
1357 36 34
1358 37 34
1359 38 34
1360 39 34
1361 40 34
1362 1 35
1363 2 35
1364 3 35
1365 4 35
1366 5 35
1367 6 35
1368 7 35
1369 8 35
1370 9 35
1371 10 35
1372 11 35
1373 12 35
1374 13 35
1375 14 35
1376 15 35
1377 16 35
1378 17 35
1379 18 35
1380 19 35
1381 20 35
1382 21 35
1383 22 35
1384 23 35
1385 24 35
1386 25 35
1387 26 35
1388 27 35
1389 28 35
1390 29 35
1391 30 35
1392 31 35
1393 32 35
1394 33 35
1395 34 35
1396 35 35
1397 36 35
1398 37 35
1399 38 35
1400 39 35
1401 40 35
1402 1 36
1403 2 36
1404 3 36
1405 4 36
1406 5 36
1407 6 36
1408 7 36
1409 8 36
1410 9 36
1411 10 36
1412 11 36
1413 12 36
1414 13 36
1415 14 36
1416 15 36
1417 16 36
1418 17 36
1419 18 36
1420 19 36
1421 20 36
1422 21 36
1423 22 36
1424 23 36
1425 24 36
1426 25 36
1427 26 36
1428 27 36
1429 28 36
1430 29 36
1431 30 36
1432 31 36
1433 32 36
1434 33 36
1435 34 36
1436 35 36
1437 36 36
1438 37 36
1439 38 36
1440 39 36
1441 40 36
1442 1 37
1443 2 37
1444 3 37
1445 4 37
1446 5 37
1447 6 37
1448 7 37
1449 8 37
1450 9 37
1451 10 37
1452 11 37
1453 12 37
1454 13 37
1455 14 37
1456 15 37
1457 16 37
1458 17 37
1459 18 37
1460 19 37
1461 20 37
1462 21 37
1463 22 37
1464 23 37
1465 24 37
1466 25 37
1467 26 37
1468 27 37
1469 28 37
1470 29 37
1471 30 37
1472 31 37
1473 32 37
1474 33 37
1475 34 37
1476 35 37
1477 36 37
1478 37 37
1479 38 37
1480 39 37
1481 40 37
1482 1 38
1483 2 38
1484 3 38
1485 4 38
1486 5 38
1487 6 38
1488 7 38
1489 8 38
1490 9 38
1491 10 38
1492 11 38
1493 12 38
1494 13 38
1495 14 38
1496 15 38
1497 16 38
1498 17 38
1499 18 38
1500 19 38
1501 20 38
1502 21 38
1503 22 38
1504 23 38
1505 24 38
1506 25 38
1507 26 38
1508 27 38
1509 28 38
1510 29 38
1511 30 38
1512 31 38
1513 32 38
1514 33 38
1515 34 38
1516 35 38
1517 36 38
1518 37 38
1519 38 38
1520 39 38
1521 40 38
1522 1 39
1523 2 39
1524 3 39
1525 4 39
1526 5 39
1527 6 39
1528 7 39
1529 8 39
1530 9 39
1531 10 39
1532 11 39
1533 12 39
1534 13 39
1535 14 39
1536 15 39
1537 16 39
1538 17 39
1539 18 39
1540 19 39
1541 20 39
1542 21 39
1543 22 39
1544 23 39
1545 24 39
1546 25 39
1547 26 39
1548 27 39
1549 28 39
1550 29 39
1551 30 39
1552 31 39
1553 32 39
1554 33 39
1555 34 39
1556 35 39
1557 36 39
1558 37 39
1559 38 39
1560 39 39
1561 40 39
1562 1 40
1563 2 40
1564 3 40
1565 4 40
1566 5 40
1567 6 40
1568 7 40
1569 8 40
1570 9 40
1571 10 40
1572 11 40
1573 12 40
1574 13 40
1575 14 40
1576 15 40
1577 16 40
1578 17 40
1579 18 40
1580 19 40
1581 20 40
1582 21 40
1583 22 40
1584 23 40
1585 24 40
1586 25 40
1587 26 40
1588 27 40
1589 28 40
1590 29 40
1591 30 40
1592 31 40
1593 32 40
1594 33 40
1595 34 40
1596 35 40
1597 36 40
1598 37 40
1599 38 40
1600 39 40
1601 40 40
1602 1 41
1603 2 41
1604 3 41
1605 4 41
1606 5 41
1607 6 41
1608 7 41
1609 8 41
1610 9 41
1611 10 41
1612 11 41
1613 12 41
1614 13 41
1615 14 41
1616 15 41
1617 16 41
1618 17 41
1619 18 41
1620 19 41
1621 20 41
1622 21 41
1623 22 41
1624 23 41
1625 24 41
1626 25 41
1627 26 41
1628 27 41
1629 28 41
1630 29 41
1631 30 41
1632 31 41
1633 32 41
1634 33 41
1635 34 41
1636 35 41
1637 36 41
1638 37 41
1639 38 41
1640 39 41
1641 40 41
1642 1 42
1643 2 42
1644 3 42
1645 4 42
1646 5 42
1647 6 42
1648 7 42
1649 8 42
1650 9 42
1651 10 42
1652 11 42
1653 12 42
1654 13 42
1655 14 42
1656 15 42
1657 16 42
1658 17 42
1659 18 42
1660 19 42
1661 20 42
1662 21 42
1663 22 42
1664 23 42
1665 24 42
1666 25 42
1667 26 42
1668 27 42
1669 28 42
1670 29 42
1671 30 42
1672 31 42
1673 32 42
1674 33 42
1675 34 42
1676 35 42
1677 36 42
1678 37 42
1679 38 42
1680 39 42
1681 40 42
1682 1 43
1683 2 43
1684 3 43
1685 4 43
1686 5 43
1687 6 43
1688 7 43
1689 8 43
1690 9 43
1691 10 43
1692 11 43
1693 12 43
1694 13 43
1695 14 43
1696 15 43
1697 16 43
1698 17 43
1699 18 43
1700 19 43
1701 20 43
1702 21 43
1703 22 43
1704 23 43
1705 24 43
1706 25 43
1707 26 43
1708 27 43
1709 28 43
1710 29 43
1711 30 43
1712 31 43
1713 32 43
1714 33 43
1715 34 43
1716 35 43
1717 36 43
1718 37 43
1719 38 43
1720 39 43
1721 40 43
1722 1 44
1723 2 44
1724 3 44
1725 4 44
1726 5 44
1727 6 44
1728 7 44
1729 8 44
1730 9 44
1731 10 44
1732 11 44
1733 12 44
1734 13 44
1735 14 44
1736 15 44
1737 16 44
1738 17 44
1739 18 44
1740 19 44
1741 20 44
1742 21 44
1743 22 44
1744 23 44
1745 24 44
1746 25 44
1747 26 44
1748 27 44
1749 28 44
1750 29 44
1751 30 44
1752 31 44
1753 32 44
1754 33 44
1755 34 44
1756 35 44
1757 36 44
1758 37 44
1759 38 44
1760 39 44
1761 40 44
1762 1 45
1763 2 45
1764 3 45
1765 4 45
1766 5 45
1767 6 45
1768 7 45
1769 8 45
1770 9 45
1771 10 45
1772 11 45
1773 12 45
1774 13 45
1775 14 45
1776 15 45
1777 16 45
1778 17 45
1779 18 45
1780 19 45
1781 20 45
1782 21 45
1783 22 45
1784 23 45
1785 24 45
1786 25 45
1787 26 45
1788 27 45
1789 28 45
1790 29 45
1791 30 45
1792 31 45
1793 32 45
1794 33 45
1795 34 45
1796 35 45
1797 36 45
1798 37 45
1799 38 45
1800 39 45
1801 40 45
1802 1 46
1803 2 46
1804 3 46
1805 4 46
1806 5 46
1807 6 46
1808 7 46
1809 8 46
1810 9 46
1811 10 46
1812 11 46
1813 12 46
1814 13 46
1815 14 46
1816 15 46
1817 16 46
1818 17 46
1819 18 46
1820 19 46
1821 20 46
1822 21 46
1823 22 46
1824 23 46
1825 24 46
1826 25 46
1827 26 46
1828 27 46
1829 28 46
1830 29 46
1831 30 46
1832 31 46
1833 32 46
1834 33 46
1835 34 46
1836 35 46
1837 36 46
1838 37 46
1839 38 46
1840 39 46
1841 40 46
1842 1 47
1843 2 47
1844 3 47
1845 4 47
1846 5 47
1847 6 47
1848 7 47
1849 8 47
1850 9 47
1851 10 47
1852 11 47
1853 12 47
1854 13 47
1855 14 47
1856 15 47
1857 16 47
1858 17 47
1859 18 47
1860 19 47
1861 20 47
1862 21 47
1863 22 47
1864 23 47
1865 24 47
1866 25 47
1867 26 47
1868 27 47
1869 28 47
1870 29 47
1871 30 47
1872 31 47
1873 32 47
1874 33 47
1875 34 47
1876 35 47
1877 36 47
1878 37 47
1879 38 47
1880 39 47
1881 40 47
1882 1 48
1883 2 48
1884 3 48
1885 4 48
1886 5 48
1887 6 48
1888 7 48
1889 8 48
1890 9 48
1891 10 48
1892 11 48
1893 12 48
1894 13 48
1895 14 48
1896 15 48
1897 16 48
1898 17 48
1899 18 48
1900 19 48
1901 20 48
1902 21 48
1903 22 48
1904 23 48
1905 24 48
1906 25 48
1907 26 48
1908 27 48
1909 28 48
1910 29 48
1911 30 48
1912 31 48
1913 32 48
1914 33 48
1915 34 48
1916 35 48
1917 36 48
1918 37 48
1919 38 48
1920 39 48
1921 40 48
1922 1 49
1923 2 49
1924 3 49
1925 4 49
1926 5 49
1927 6 49
1928 7 49
1929 8 49
1930 9 49
1931 10 49
1932 11 49
1933 12 49
1934 13 49
1935 14 49
1936 15 49
1937 16 49
1938 17 49
1939 18 49
1940 19 49
1941 20 49
1942 21 49
1943 22 49
1944 23 49
1945 24 49
1946 25 49
1947 26 49
1948 27 49
1949 28 49
1950 29 49
1951 30 49
1952 31 49
1953 32 49
1954 33 49
1955 34 49
1956 35 49
1957 36 49
1958 37 49
1959 38 49
1960 39 49
1961 40 49
1962 1 50
1963 2 50
1964 3 50
1965 4 50
1966 5 50
1967 6 50
1968 7 50
1969 8 50
1970 9 50
1971 10 50
1972 11 50
1973 12 50
1974 13 50
1975 14 50
1976 15 50
1977 16 50
1978 17 50
1979 18 50
1980 19 50
1981 20 50
1982 21 50
1983 22 50
1984 23 50
1985 24 50
1986 25 50
1987 26 50
1988 27 50
1989 28 50
1990 29 50
1991 30 50
1992 31 50
1993 32 50
1994 33 50
1995 34 50
1996 35 50
1997 36 50
1998 37 50
1999 38 50
2000 39 50
2001 40 50
2002 1 51
2003 2 51
2004 3 51
2005 4 51
2006 5 51
2007 6 51
2008 7 51
2009 8 51
2010 9 51
2011 10 51
2012 11 51
2013 12 51
2014 13 51
2015 14 51
2016 15 51
2017 16 51
2018 17 51
2019 18 51
2020 19 51
2021 20 51
2022 21 51
2023 22 51
2024 23 51
2025 24 51
2026 25 51
2027 26 51
2028 27 51
2029 28 51
2030 29 51
2031 30 51
2032 31 51
2033 32 51
2034 33 51
2035 34 51
2036 35 51
2037 36 51
2038 37 51
2039 38 51
2040 39 51
2041 40 51
2042 1 52
2043 2 52
2044 3 52
2045 4 52
2046 5 52
2047 6 52
2048 7 52
2049 8 52
2050 9 52
2051 10 52
2052 11 52
2053 12 52
2054 13 52
2055 14 52
2056 15 52
2057 16 52
2058 17 52
2059 18 52
2060 19 52
2061 20 52
2062 21 52
2063 22 52
2064 23 52
2065 24 52
2066 25 52
2067 26 52
2068 27 52
2069 28 52
2070 29 52
2071 30 52
2072 31 52
2073 32 52
2074 33 52
2075 34 52
2076 35 52
2077 36 52
2078 37 52
2079 38 52
2080 39 52
2081 40 52
2082 1 53
2083 2 53
2084 3 53
2085 4 53
2086 5 53
2087 6 53
2088 7 53
2089 8 53
2090 9 53
2091 10 53
2092 11 53
2093 12 53
2094 13 53
2095 14 53
2096 15 53
2097 16 53
2098 17 53
2099 18 53
2100 19 53
2101 20 53
2102 21 53
2103 22 53
2104 23 53
2105 24 53
2106 25 53
2107 26 53
2108 27 53
2109 28 53
2110 29 53
2111 30 53
2112 31 53
2113 32 53
2114 33 53
2115 34 53
2116 35 53
2117 36 53
2118 37 53
2119 38 53
2120 39 53
2121 40 53
2122 1 54
2123 2 54
2124 3 54
2125 4 54
2126 5 54
2127 6 54
2128 7 54
2129 8 54
2130 9 54
2131 10 54
2132 11 54
2133 12 54
2134 13 54
2135 14 54
2136 15 54
2137 16 54
2138 17 54
2139 18 54
2140 19 54
2141 20 54
2142 21 54
2143 22 54
2144 23 54
2145 24 54
2146 25 54
2147 26 54
2148 27 54
2149 28 54
2150 29 54
2151 30 54
2152 31 54
2153 32 54
2154 33 54
2155 34 54
2156 35 54
2157 36 54
2158 37 54
2159 38 54
2160 39 54
2161 40 54
2162 1 55
2163 2 55
2164 3 55
2165 4 55
2166 5 55
2167 6 55
2168 7 55
2169 8 55
2170 9 55
2171 10 55
2172 11 55
2173 12 55
2174 13 55
2175 14 55
2176 15 55
2177 16 55
2178 17 55
2179 18 55
2180 19 55
2181 20 55
2182 21 55
2183 22 55
2184 23 55
2185 24 55
2186 25 55
2187 26 55
2188 27 55
2189 28 55
2190 29 55
2191 30 55
2192 31 55
2193 32 55
2194 33 55
2195 34 55
2196 35 55
2197 36 55
2198 37 55
2199 38 55
2200 39 55
2201 40 55
2202 1 56
2203 2 56
2204 3 56
2205 4 56
2206 5 56
2207 6 56
2208 7 56
2209 8 56
2210 9 56
2211 10 56
2212 11 56
2213 12 56
2214 13 56
2215 14 56
2216 15 56
2217 16 56
2218 17 56
2219 18 56
2220 19 56
2221 20 56
2222 21 56
2223 22 56
2224 23 56
2225 24 56
2226 25 56
2227 26 56
2228 27 56
2229 28 56
2230 29 56
2231 30 56
2232 31 56
2233 32 56
2234 33 56
2235 34 56
2236 35 56
2237 36 56
2238 37 56
2239 38 56
2240 39 56
2241 40 56
2242 1 57
2243 2 57
2244 3 57
2245 4 57
2246 5 57
2247 6 57
2248 7 57
2249 8 57
2250 9 57
2251 10 57
2252 11 57
2253 12 57
2254 13 57
2255 14 57
2256 15 57
2257 16 57
2258 17 57
2259 18 57
2260 19 57
2261 20 57
2262 21 57
2263 22 57
2264 23 57
2265 24 57
2266 25 57
2267 26 57
2268 27 57
2269 28 57
2270 29 57
2271 30 57
2272 31 57
2273 32 57
2274 33 57
2275 34 57
2276 35 57
2277 36 57
2278 37 57
2279 38 57
2280 39 57
2281 40 57
2282 1 58
2283 2 58
2284 3 58
2285 4 58
2286 5 58
2287 6 58
2288 7 58
2289 8 58
2290 9 58
2291 10 58
2292 11 58
2293 12 58
2294 13 58
2295 14 58
2296 15 58
2297 16 58
2298 17 58
2299 18 58
2300 19 58
2301 20 58
2302 21 58
2303 22 58
2304 23 58
2305 24 58
2306 25 58
2307 26 58
2308 27 58
2309 28 58
2310 29 58
2311 30 58
2312 31 58
2313 32 58
2314 33 58
2315 34 58
2316 35 58
2317 36 58
2318 37 58
2319 38 58
2320 39 58
2321 40 58
2322 1 59
2323 2 59
2324 3 59
2325 4 59
2326 5 59
2327 6 59
2328 7 59
2329 8 59
2330 9 59
2331 10 59
2332 11 59
2333 12 59
2334 13 59
2335 14 59
2336 15 59
2337 16 59
2338 17 59
2339 18 59
2340 19 59
2341 20 59
2342 21 59
2343 22 59
2344 23 59
2345 24 59
2346 25 59
2347 26 59
2348 27 59
2349 28 59
2350 29 59
2351 30 59
2352 31 59
2353 32 59
2354 33 59
2355 34 59
2356 35 59
2357 36 59
2358 37 59
2359 38 59
2360 39 59
2361 40 59
2362 1 60
2363 2 60
2364 3 60
2365 4 60
2366 5 60
2367 6 60
2368 7 60
2369 8 60
2370 9 60
2371 10 60
2372 11 60
2373 12 60
2374 13 60
2375 14 60
2376 15 60
2377 16 60
2378 17 60
2379 18 60
2380 19 60
2381 20 60
2382 21 60
2383 22 60
2384 23 60
2385 24 60
2386 25 60
2387 26 60
2388 27 60
2389 28 60
2390 29 60
2391 30 60
2392 31 60
2393 32 60
2394 33 60
2395 34 60
2396 35 60
2397 36 60
2398 37 60
2399 38 60
2400 39 60
2401 40 60
2402 1 61
2403 2 61
2404 3 61
2405 4 61
2406 5 61
2407 6 61
2408 7 61
2409 8 61
2410 9 61
2411 10 61
2412 11 61
2413 12 61
2414 13 61
2415 14 61
2416 15 61
2417 16 61
2418 17 61
2419 18 61
2420 19 61
2421 20 61
2422 21 61
2423 22 61
2424 23 61
2425 24 61
2426 25 61
2427 26 61
2428 27 61
2429 28 61
2430 29 61
2431 30 61
2432 31 61
2433 32 61
2434 33 61
2435 34 61
2436 35 61
2437 36 61
2438 37 61
2439 38 61
2440 39 61
2441 40 61
2442 1 62
2443 2 62
2444 3 62
2445 4 62
2446 5 62
2447 6 62
2448 7 62
2449 8 62
2450 9 62
2451 10 62
2452 11 62
2453 12 62
2454 13 62
2455 14 62
2456 15 62
2457 16 62
2458 17 62
2459 18 62
2460 19 62
2461 20 62
2462 21 62
2463 22 62
2464 23 62
2465 24 62
2466 25 62
2467 26 62
2468 27 62
2469 28 62
2470 29 62
2471 30 62
2472 31 62
2473 32 62
2474 33 62
2475 34 62
2476 35 62
2477 36 62
2478 37 62
2479 38 62
2480 39 62
2481 40 62
2482 1 63
2483 2 63
2484 3 63
2485 4 63
2486 5 63
2487 6 63
2488 7 63
2489 8 63
2490 9 63
2491 10 63
2492 11 63
2493 12 63
2494 13 63
2495 14 63
2496 15 63
2497 16 63
2498 17 63
2499 18 63
2500 19 63
2501 20 63
2502 21 63
2503 22 63
2504 23 63
2505 24 63
2506 25 63
2507 26 63
2508 27 63
2509 28 63
2510 29 63
2511 30 63
2512 31 63
2513 32 63
2514 33 63
2515 34 63
2516 35 63
2517 36 63
2518 37 63
2519 38 63
2520 39 63
2521 40 63
2522 1 64
2523 2 64
2524 3 64
2525 4 64
2526 5 64
2527 6 64
2528 7 64
2529 8 64
2530 9 64
2531 10 64
2532 11 64
2533 12 64
2534 13 64
2535 14 64
2536 15 64
2537 16 64
2538 17 64
2539 18 64
2540 19 64
2541 20 64
2542 21 64
2543 22 64
2544 23 64
2545 24 64
2546 25 64
2547 26 64
2548 27 64
2549 28 64
2550 29 64
2551 30 64
2552 31 64
2553 32 64
2554 33 64
2555 34 64
2556 35 64
2557 36 64
2558 37 64
2559 38 64
2560 39 64
2561 40 64
2562 1 65
2563 2 65
2564 3 65
2565 4 65
2566 5 65
2567 6 65
2568 7 65
2569 8 65
2570 9 65
2571 10 65
2572 11 65
2573 12 65
2574 13 65
2575 14 65
2576 15 65
2577 16 65
2578 17 65
2579 18 65
2580 19 65
2581 20 65
2582 21 65
2583 22 65
2584 23 65
2585 24 65
2586 25 65
2587 26 65
2588 27 65
2589 28 65
2590 29 65
2591 30 65
2592 31 65
2593 32 65
2594 33 65
2595 34 65
2596 35 65
2597 36 65
2598 37 65
2599 38 65
2600 39 65
2601 40 65
2602 1 66
2603 2 66
2604 3 66
2605 4 66
2606 5 66
2607 6 66
2608 7 66
2609 8 66
2610 9 66
2611 10 66
2612 11 66
2613 12 66
2614 13 66
2615 14 66
2616 15 66
2617 16 66
2618 17 66
2619 18 66
2620 19 66
2621 20 66
2622 21 66
2623 22 66
2624 23 66
2625 24 66
2626 25 66
2627 26 66
2628 27 66
2629 28 66
2630 29 66
2631 30 66
2632 31 66
2633 32 66
2634 33 66
2635 34 66
2636 35 66
2637 36 66
2638 37 66
2639 38 66
2640 39 66
2641 40 66
2642 1 67
2643 2 67
2644 3 67
2645 4 67
2646 5 67
2647 6 67
2648 7 67
2649 8 67
2650 9 67
2651 10 67
2652 11 67
2653 12 67
2654 13 67
2655 14 67
2656 15 67
2657 16 67
2658 17 67
2659 18 67
2660 19 67
2661 20 67
2662 21 67
2663 22 67
2664 23 67
2665 24 67
2666 25 67
2667 26 67
2668 27 67
2669 28 67
2670 29 67
2671 30 67
2672 31 67
2673 32 67
2674 33 67
2675 34 67
2676 35 67
2677 36 67
2678 37 67
2679 38 67
2680 39 67
2681 40 67
2682 1 68
2683 2 68
2684 3 68
2685 4 68
2686 5 68
2687 6 68
2688 7 68
2689 8 68
2690 9 68
2691 10 68
2692 11 68
2693 12 68
2694 13 68
2695 14 68
2696 15 68
2697 16 68
2698 17 68
2699 18 68
2700 19 68
2701 20 68
2702 21 68
2703 22 68
2704 23 68
2705 24 68
2706 25 68
2707 26 68
2708 27 68
2709 28 68
2710 29 68
2711 30 68
2712 31 68
2713 32 68
2714 33 68
2715 34 68
2716 35 68
2717 36 68
2718 37 68
2719 38 68
2720 39 68
2721 40 68
2722 1 69
2723 2 69
2724 3 69
2725 4 69
2726 5 69
2727 6 69
2728 7 69
2729 8 69
2730 9 69
2731 10 69
2732 11 69
2733 12 69
2734 13 69
2735 14 69
2736 15 69
2737 16 69
2738 17 69
2739 18 69
2740 19 69
2741 20 69
2742 21 69
2743 22 69
2744 23 69
2745 24 69
2746 25 69
2747 26 69
2748 27 69
2749 28 69
2750 29 69
2751 30 69
2752 31 69
2753 32 69
2754 33 69
2755 34 69
2756 35 69
2757 36 69
2758 37 69
2759 38 69
2760 39 69
2761 40 69
2762 1 70
2763 2 70
2764 3 70
2765 4 70
2766 5 70
2767 6 70
2768 7 70
2769 8 70
2770 9 70
2771 10 70
2772 11 70
2773 12 70
2774 13 70
2775 14 70
2776 15 70
2777 16 70
2778 17 70
2779 18 70
2780 19 70
2781 20 70
2782 21 70
2783 22 70
2784 23 70
2785 24 70
2786 25 70
2787 26 70
2788 27 70
2789 28 70
2790 29 70
2791 30 70
2792 31 70
2793 32 70
2794 33 70
2795 34 70
2796 35 70
2797 36 70
2798 37 70
2799 38 70
2800 39 70
2801 40 70
2802 1 71
2803 2 71
2804 3 71
2805 4 71
2806 5 71
2807 6 71
2808 7 71
2809 8 71
2810 9 71
2811 10 71
2812 11 71
2813 12 71
2814 13 71
2815 14 71
2816 15 71
2817 16 71
2818 17 71
2819 18 71
2820 19 71
2821 20 71
2822 21 71
2823 22 71
2824 23 71
2825 24 71
2826 25 71
2827 26 71
2828 27 71
2829 28 71
2830 29 71
2831 30 71
2832 31 71
2833 32 71
2834 33 71
2835 34 71
2836 35 71
2837 36 71
2838 37 71
2839 38 71
2840 39 71
2841 40 71
2842 1 72
2843 2 72
2844 3 72
2845 4 72
2846 5 72
2847 6 72
2848 7 72
2849 8 72
2850 9 72
2851 10 72
2852 11 72
2853 12 72
2854 13 72
2855 14 72
2856 15 72
2857 16 72
2858 17 72
2859 18 72
2860 19 72
2861 20 72
2862 21 72
2863 22 72
2864 23 72
2865 24 72
2866 25 72
2867 26 72
2868 27 72
2869 28 72
2870 29 72
2871 30 72
2872 31 72
2873 32 72
2874 33 72
2875 34 72
2876 35 72
2877 36 72
2878 37 72
2879 38 72
2880 39 72
2881 40 72
2882 1 73
2883 2 73
2884 3 73
2885 4 73
2886 5 73
2887 6 73
2888 7 73
2889 8 73
2890 9 73
2891 10 73
2892 11 73
2893 12 73
2894 13 73
2895 14 73
2896 15 73
2897 16 73
2898 17 73
2899 18 73
2900 19 73
2901 20 73
2902 21 73
2903 22 73
2904 23 73
2905 24 73
2906 25 73
2907 26 73
2908 27 73
2909 28 73
2910 29 73
2911 30 73
2912 31 73
2913 32 73
2914 33 73
2915 34 73
2916 35 73
2917 36 73
2918 37 73
2919 38 73
2920 39 73
2921 40 73
2922 1 74
2923 2 74
2924 3 74
2925 4 74
2926 5 74
2927 6 74
2928 7 74
2929 8 74
2930 9 74
2931 10 74
2932 11 74
2933 12 74
2934 13 74
2935 14 74
2936 15 74
2937 16 74
2938 17 74
2939 18 74
2940 19 74
2941 20 74
2942 21 74
2943 22 74
2944 23 74
2945 24 74
2946 25 74
2947 26 74
2948 27 74
2949 28 74
2950 29 74
2951 30 74
2952 31 74
2953 32 74
2954 33 74
2955 34 74
2956 35 74
2957 36 74
2958 37 74
2959 38 74
2960 39 74
2961 40 74
2962 1 75
2963 2 75
2964 3 75
2965 4 75
2966 5 75
2967 6 75
2968 7 75
2969 8 75
2970 9 75
2971 10 75
2972 11 75
2973 12 75
2974 13 75
2975 14 75
2976 15 75
2977 16 75
2978 17 75
2979 18 75
2980 19 75
2981 20 75
2982 21 75
2983 22 75
2984 23 75
2985 24 75
2986 25 75
2987 26 75
2988 27 75
2989 28 75
2990 29 75
2991 30 75
2992 31 75
2993 32 75
2994 33 75
2995 34 75
2996 35 75
2997 36 75
2998 37 75
2999 38 75
3000 39 75
3001 40 75
3002 1 76
3003 2 76
3004 3 76
3005 4 76
3006 5 76
3007 6 76
3008 7 76
3009 8 76
3010 9 76
3011 10 76
3012 11 76
3013 12 76
3014 13 76
3015 14 76
3016 15 76
3017 16 76
3018 17 76
3019 18 76
3020 19 76
3021 20 76
3022 21 76
3023 22 76
3024 23 76
3025 24 76
3026 25 76
3027 26 76
3028 27 76
3029 28 76
3030 29 76
3031 30 76
3032 31 76
3033 32 76
3034 33 76
3035 34 76
3036 35 76
3037 36 76
3038 37 76
3039 38 76
3040 39 76
3041 40 76
3042 1 77
3043 2 77
3044 3 77
3045 4 77
3046 5 77
3047 6 77
3048 7 77
3049 8 77
3050 9 77
3051 10 77
3052 11 77
3053 12 77
3054 13 77
3055 14 77
3056 15 77
3057 16 77
3058 17 77
3059 18 77
3060 19 77
3061 20 77
3062 21 77
3063 22 77
3064 23 77
3065 24 77
3066 25 77
3067 26 77
3068 27 77
3069 28 77
3070 29 77
3071 30 77
3072 31 77
3073 32 77
3074 33 77
3075 34 77
3076 35 77
3077 36 77
3078 37 77
3079 38 77
3080 39 77
3081 40 77
3082 1 78
3083 2 78
3084 3 78
3085 4 78
3086 5 78
3087 6 78
3088 7 78
3089 8 78
3090 9 78
3091 10 78
3092 11 78
3093 12 78
3094 13 78
3095 14 78
3096 15 78
3097 16 78
3098 17 78
3099 18 78
3100 19 78
3101 20 78
3102 21 78
3103 22 78
3104 23 78
3105 24 78
3106 25 78
3107 26 78
3108 27 78
3109 28 78
3110 29 78
3111 30 78
3112 31 78
3113 32 78
3114 33 78
3115 34 78
3116 35 78
3117 36 78
3118 37 78
3119 38 78
3120 39 78
3121 40 78
3122 1 79
3123 2 79
3124 3 79
3125 4 79
3126 5 79
3127 6 79
3128 7 79
3129 8 79
3130 9 79
3131 10 79
3132 11 79
3133 12 79
3134 13 79
3135 14 79
3136 15 79
3137 16 79
3138 17 79
3139 18 79
3140 19 79
3141 20 79
3142 21 79
3143 22 79
3144 23 79
3145 24 79
3146 25 79
3147 26 79
3148 27 79
3149 28 79
3150 29 79
3151 30 79
3152 31 79
3153 32 79
3154 33 79
3155 34 79
3156 35 79
3157 36 79
3158 37 79
3159 38 79
3160 39 79
3161 40 79
3162 1 80
3163 2 80
3164 3 80
3165 4 80
3166 5 80
3167 6 80
3168 7 80
3169 8 80
3170 9 80
3171 10 80
3172 11 80
3173 12 80
3174 13 80
3175 14 80
3176 15 80
3177 16 80
3178 17 80
3179 18 80
3180 19 80
3181 20 80
3182 21 80
3183 22 80
3184 23 80
3185 24 80
3186 25 80
3187 26 80
3188 27 80
3189 28 80
3190 29 80
3191 30 80
3192 31 80
3193 32 80
3194 33 80
3195 34 80
3196 35 80
3197 36 80
3198 37 80
3199 38 80
3200 39 80
3201 40 80
3202 1 81
3203 2 81
3204 3 81
3205 4 81
3206 5 81
3207 6 81
3208 7 81
3209 8 81
3210 9 81
3211 10 81
3212 11 81
3213 12 81
3214 13 81
3215 14 81
3216 15 81
3217 16 81
3218 17 81
3219 18 81
3220 19 81
3221 20 81
3222 21 81
3223 22 81
3224 23 81
3225 24 81
3226 25 81
3227 26 81
3228 27 81
3229 28 81
3230 29 81
3231 30 81
3232 31 81
3233 32 81
3234 33 81
3235 34 81
3236 35 81
3237 36 81
3238 37 81
3239 38 81
3240 39 81
3241 40 81
3242 1 82
3243 2 82
3244 3 82
3245 4 82
3246 5 82
3247 6 82
3248 7 82
3249 8 82
3250 9 82
3251 10 82
3252 11 82
3253 12 82
3254 13 82
3255 14 82
3256 15 82
3257 16 82
3258 17 82
3259 18 82
3260 19 82
3261 20 82
3262 21 82
3263 22 82
3264 23 82
3265 24 82
3266 25 82
3267 26 82
3268 27 82
3269 28 82
3270 29 82
3271 30 82
3272 31 82
3273 32 82
3274 33 82
3275 34 82
3276 35 82
3277 36 82
3278 37 82
3279 38 82
3280 39 82
3281 40 82
3282 1 83
3283 2 83
3284 3 83
3285 4 83
3286 5 83
3287 6 83
3288 7 83
3289 8 83
3290 9 83
3291 10 83
3292 11 83
3293 12 83
3294 13 83
3295 14 83
3296 15 83
3297 16 83
3298 17 83
3299 18 83
3300 19 83
3301 20 83
3302 21 83
3303 22 83
3304 23 83
3305 24 83
3306 25 83
3307 26 83
3308 27 83
3309 28 83
3310 29 83
3311 30 83
3312 31 83
3313 32 83
3314 33 83
3315 34 83
3316 35 83
3317 36 83
3318 37 83
3319 38 83
3320 39 83
3321 40 83
3322 1 84
3323 2 84
3324 3 84
3325 4 84
3326 5 84
3327 6 84
3328 7 84
3329 8 84
3330 9 84
3331 10 84
3332 11 84
3333 12 84
3334 13 84
3335 14 84
3336 15 84
3337 16 84
3338 17 84
3339 18 84
3340 19 84
3341 20 84
3342 21 84
3343 22 84
3344 23 84
3345 24 84
3346 25 84
3347 26 84
3348 27 84
3349 28 84
3350 29 84
3351 30 84
3352 31 84
3353 32 84
3354 33 84
3355 34 84
3356 35 84
3357 36 84
3358 37 84
3359 38 84
3360 39 84
3361 40 84
3362 1 85
3363 2 85
3364 3 85
3365 4 85
3366 5 85
3367 6 85
3368 7 85
3369 8 85
3370 9 85
3371 10 85
3372 11 85
3373 12 85
3374 13 85
3375 14 85
3376 15 85
3377 16 85
3378 17 85
3379 18 85
3380 19 85
3381 20 85
3382 21 85
3383 22 85
3384 23 85
3385 24 85
3386 25 85
3387 26 85
3388 27 85
3389 28 85
3390 29 85
3391 30 85
3392 31 85
3393 32 85
3394 33 85
3395 34 85
3396 35 85
3397 36 85
3398 37 85
3399 38 85
3400 39 85
3401 40 85
3402 1 86
3403 2 86
3404 3 86
3405 4 86
3406 5 86
3407 6 86
3408 7 86
3409 8 86
3410 9 86
3411 10 86
3412 11 86
3413 12 86
3414 13 86
3415 14 86
3416 15 86
3417 16 86
3418 17 86
3419 18 86
3420 19 86
3421 20 86
3422 21 86
3423 22 86
3424 23 86
3425 24 86
3426 25 86
3427 26 86
3428 27 86
3429 28 86
3430 29 86
3431 30 86
3432 31 86
3433 32 86
3434 33 86
3435 34 86
3436 35 86
3437 36 86
3438 37 86
3439 38 86
3440 39 86
3441 40 86
3442 1 87
3443 2 87
3444 3 87
3445 4 87
3446 5 87
3447 6 87
3448 7 87
3449 8 87
3450 9 87
3451 10 87
3452 11 87
3453 12 87
3454 13 87
3455 14 87
3456 15 87
3457 16 87
3458 17 87
3459 18 87
3460 19 87
3461 20 87
3462 21 87
3463 22 87
3464 23 87
3465 24 87
3466 25 87
3467 26 87
3468 27 87
3469 28 87
3470 29 87
3471 30 87
3472 31 87
3473 32 87
3474 33 87
3475 34 87
3476 35 87
3477 36 87
3478 37 87
3479 38 87
3480 39 87
3481 40 87
3482 1 88
3483 2 88
3484 3 88
3485 4 88
3486 5 88
3487 6 88
3488 7 88
3489 8 88
3490 9 88
3491 10 88
3492 11 88
3493 12 88
3494 13 88
3495 14 88
3496 15 88
3497 16 88
3498 17 88
3499 18 88
3500 19 88
3501 20 88
3502 21 88
3503 22 88
3504 23 88
3505 24 88
3506 25 88
3507 26 88
3508 27 88
3509 28 88
3510 29 88
3511 30 88
3512 31 88
3513 32 88
3514 33 88
3515 34 88
3516 35 88
3517 36 88
3518 37 88
3519 38 88
3520 39 88
3521 40 88
3522 1 89
3523 2 89
3524 3 89
3525 4 89
3526 5 89
3527 6 89
3528 7 89
3529 8 89
3530 9 89
3531 10 89
3532 11 89
3533 12 89
3534 13 89
3535 14 89
3536 15 89
3537 16 89
3538 17 89
3539 18 89
3540 19 89
3541 20 89
3542 21 89
3543 22 89
3544 23 89
3545 24 89
3546 25 89
3547 26 89
3548 27 89
3549 28 89
3550 29 89
3551 30 89
3552 31 89
3553 32 89
3554 33 89
3555 34 89
3556 35 89
3557 36 89
3558 37 89
3559 38 89
3560 39 89
3561 40 89
3562 1 90
3563 2 90
3564 3 90
3565 4 90
3566 5 90
3567 6 90
3568 7 90
3569 8 90
3570 9 90
3571 10 90
3572 11 90
3573 12 90
3574 13 90
3575 14 90
3576 15 90
3577 16 90
3578 17 90
3579 18 90
3580 19 90
3581 20 90
3582 21 90
3583 22 90
3584 23 90
3585 24 90
3586 25 90
3587 26 90
3588 27 90
3589 28 90
3590 29 90
3591 30 90
3592 31 90
3593 32 90
3594 33 90
3595 34 90
3596 35 90
3597 36 90
3598 37 90
3599 38 90
3600 39 90
3601 40 90
3602 1 91
3603 2 91
3604 3 91
3605 4 91
3606 5 91
3607 6 91
3608 7 91
3609 8 91
3610 9 91
3611 10 91
3612 11 91
3613 12 91
3614 13 91
3615 14 91
3616 15 91
3617 16 91
3618 17 91
3619 18 91
3620 19 91
3621 20 91
3622 21 91
3623 22 91
3624 23 91
3625 24 91
3626 25 91
3627 26 91
3628 27 91
3629 28 91
3630 29 91
3631 30 91
3632 31 91
3633 32 91
3634 33 91
3635 34 91
3636 35 91
3637 36 91
3638 37 91
3639 38 91
3640 39 91
3641 40 91
3642 1 92
3643 2 92
3644 3 92
3645 4 92
3646 5 92
3647 6 92
3648 7 92
3649 8 92
3650 9 92
3651 10 92
3652 11 92
3653 12 92
3654 13 92
3655 14 92
3656 15 92
3657 16 92
3658 17 92
3659 18 92
3660 19 92
3661 20 92
3662 21 92
3663 22 92
3664 23 92
3665 24 92
3666 25 92
3667 26 92
3668 27 92
3669 28 92
3670 29 92
3671 30 92
3672 31 92
3673 32 92
3674 33 92
3675 34 92
3676 35 92
3677 36 92
3678 37 92
3679 38 92
3680 39 92
3681 40 92
3682 1 93
3683 2 93
3684 3 93
3685 4 93
3686 5 93
3687 6 93
3688 7 93
3689 8 93
3690 9 93
3691 10 93
3692 11 93
3693 12 93
3694 13 93
3695 14 93
3696 15 93
3697 16 93
3698 17 93
3699 18 93
3700 19 93
3701 20 93
3702 21 93
3703 22 93
3704 23 93
3705 24 93
3706 25 93
3707 26 93
3708 27 93
3709 28 93
3710 29 93
3711 30 93
3712 31 93
3713 32 93
3714 33 93
3715 34 93
3716 35 93
3717 36 93
3718 37 93
3719 38 93
3720 39 93
3721 40 93
3722 1 94
3723 2 94
3724 3 94
3725 4 94
3726 5 94
3727 6 94
3728 7 94
3729 8 94
3730 9 94
3731 10 94
3732 11 94
3733 12 94
3734 13 94
3735 14 94
3736 15 94
3737 16 94
3738 17 94
3739 18 94
3740 19 94
3741 20 94
3742 21 94
3743 22 94
3744 23 94
3745 24 94
3746 25 94
3747 26 94
3748 27 94
3749 28 94
3750 29 94
3751 30 94
3752 31 94
3753 32 94
3754 33 94
3755 34 94
3756 35 94
3757 36 94
3758 37 94
3759 38 94
3760 39 94
3761 40 94
3762 1 95
3763 2 95
3764 3 95
3765 4 95
3766 5 95
3767 6 95
3768 7 95
3769 8 95
3770 9 95
3771 10 95
3772 11 95
3773 12 95
3774 13 95
3775 14 95
3776 15 95
3777 16 95
3778 17 95
3779 18 95
3780 19 95
3781 20 95
3782 21 95
3783 22 95
3784 23 95
3785 24 95
3786 25 95
3787 26 95
3788 27 95
3789 28 95
3790 29 95
3791 30 95
3792 31 95
3793 32 95
3794 33 95
3795 34 95
3796 35 95
3797 36 95
3798 37 95
3799 38 95
3800 39 95
3801 40 95
3802 1 96
3803 2 96
3804 3 96
3805 4 96
3806 5 96
3807 6 96
3808 7 96
3809 8 96
3810 9 96
3811 10 96
3812 11 96
3813 12 96
3814 13 96
3815 14 96
3816 15 96
3817 16 96
3818 17 96
3819 18 96
3820 19 96
3821 20 96
3822 21 96
3823 22 96
3824 23 96
3825 24 96
3826 25 96
3827 26 96
3828 27 96
3829 28 96
3830 29 96
3831 30 96
3832 31 96
3833 32 96
3834 33 96
3835 34 96
3836 35 96
3837 36 96
3838 37 96
3839 38 96
3840 39 96
3841 40 96
3842 1 97
3843 2 97
3844 3 97
3845 4 97
3846 5 97
3847 6 97
3848 7 97
3849 8 97
3850 9 97
3851 10 97
3852 11 97
3853 12 97
3854 13 97
3855 14 97
3856 15 97
3857 16 97
3858 17 97
3859 18 97
3860 19 97
3861 20 97
3862 21 97
3863 22 97
3864 23 97
3865 24 97
3866 25 97
3867 26 97
3868 27 97
3869 28 97
3870 29 97
3871 30 97
3872 31 97
3873 32 97
3874 33 97
3875 34 97
3876 35 97
3877 36 97
3878 37 97
3879 38 97
3880 39 97
3881 40 97
3882 1 98
3883 2 98
3884 3 98
3885 4 98
3886 5 98
3887 6 98
3888 7 98
3889 8 98
3890 9 98
3891 10 98
3892 11 98
3893 12 98
3894 13 98
3895 14 98
3896 15 98
3897 16 98
3898 17 98
3899 18 98
3900 19 98
3901 20 98
3902 21 98
3903 22 98
3904 23 98
3905 24 98
3906 25 98
3907 26 98
3908 27 98
3909 28 98
3910 29 98
3911 30 98
3912 31 98
3913 32 98
3914 33 98
3915 34 98
3916 35 98
3917 36 98
3918 37 98
3919 38 98
3920 39 98
3921 40 98
3922 1 99
3923 2 99
3924 3 99
3925 4 99
3926 5 99
3927 6 99
3928 7 99
3929 8 99
3930 9 99
3931 10 99
3932 11 99
3933 12 99
3934 13 99
3935 14 99
3936 15 99
3937 16 99
3938 17 99
3939 18 99
3940 19 99
3941 20 99
3942 21 99
3943 22 99
3944 23 99
3945 24 99
3946 25 99
3947 26 99
3948 27 99
3949 28 99
3950 29 99
3951 30 99
3952 31 99
3953 32 99
3954 33 99
3955 34 99
3956 35 99
3957 36 99
3958 37 99
3959 38 99
3960 39 99
3961 40 99
3962 1 100
3963 2 100
3964 3 100
3965 4 100
3966 5 100
3967 6 100
3968 7 100
3969 8 100
3970 9 100
3971 10 100
3972 11 100
3973 12 100
3974 13 100
3975 14 100
3976 15 100
3977 16 100
3978 17 100
3979 18 100
3980 19 100
3981 20 100
3982 21 100
3983 22 100
3984 23 100
3985 24 100
3986 25 100
3987 26 100
3988 27 100
3989 28 100
3990 29 100
3991 30 100
3992 31 100
3993 32 100
3994 33 100
3995 34 100
3996 35 100
3997 36 100
3998 37 100
3999 38 100
##end
4000 41 101
1-2
2-3
3-4
4-5
5-6
6-7
7-8
8-9
9-10
10-11
11-12
12-13
13-14
14-15
15-16
16-17
17-18
18-19
19-20
20-21
21-22
22-23
23-24
24-25
25-26
26-27
27-28
28-29
29-30
30-31
31-32
32-33
33-34
34-35
35-36
36-37
37-38
38-39
39-40
40-41
41-4000
1-42
42-43
43-44
44-45
45-46
46-47
47-48
48-49
49-50
50-51
51-52
52-53
53-54
54-55
55-56
56-57
57-58
58-59
59-60
60-61
61-62
62-63
63-64
64-65
65-66
66-67
67-68
68-69
69-70
70-71
71-72
72-73
73-74
74-75
75-76
76-77
77-78
78-79
79-80
80-81
81-4000
1-82
82-83
83-84
84-85
85-86
86-87
87-88
88-89
89-90
90-91
91-92
92-93
93-94
94-95
95-96
96-97
97-98
98-99
99-100
100-101
101-102
102-103
103-104
104-105
105-106
106-107
107-108
108-109
109-110
110-111
111-112
112-113
113-114
114-115
115-116
116-117
117-118
118-119
119-120
120-121
121-4000
1-122
122-123
123-124
124-125
125-126
126-127
127-128
128-129
129-130
130-131
131-132
132-133
133-134
134-135
135-136
136-137
137-138
138-139
139-140
140-141
141-142
142-143
143-144
144-145
145-146
146-147
147-148
148-149
149-150
150-151
151-152
152-153
153-154
154-155
155-156
156-157
157-158
158-159
159-160
160-161
161-4000
1-162
162-163
163-164
164-165
165-166
166-167
167-168
168-169
169-170
170-171
171-172
172-173
173-174
174-175
175-176
176-177
177-178
178-179
179-180
180-181
181-182
182-183
183-184
184-185
185-186
186-187
187-188
188-189
189-190
190-191
191-192
192-193
193-194
194-195
195-196
196-197
197-198
198-199
199-200
200-201
201-4000
1-202
202-203
203-204
204-205
205-206
206-207
207-208
208-209
209-210
210-211
211-212
212-213
213-214
214-215
215-216
216-217
217-218
218-219
219-220
220-221
221-222
222-223
223-224
224-225
225-226
226-227
227-228
228-229
229-230
230-231
231-232
232-233
233-234
234-235
235-236
236-237
237-238
238-239
239-240
240-241
241-4000
1-242
242-243
243-244
244-245
245-246
246-247
247-248
248-249
249-250
250-251
251-252
252-253
253-254
254-255
255-256
256-257
257-258
258-259
259-260
260-261
261-262
262-263
263-264
264-265
265-266
266-267
267-268
268-269
269-270
270-271
271-272
272-273
273-274
274-275
275-276
276-277
277-278
278-279
279-280
280-281
281-4000
1-282
282-283
283-284
284-285
285-286
286-287
287-288
288-289
289-290
290-291
291-292
292-293
293-294
294-295
295-296
296-297
297-298
298-299
299-300
300-301
301-302
302-303
303-304
304-305
305-306
306-307
307-308
308-309
309-310
310-311
311-312
312-313
313-314
314-315
315-316
316-317
317-318
318-319
319-320
320-321
321-4000
1-322
322-323
323-324
324-325
325-326
326-327
327-328
328-329
329-330
330-331
331-332
332-333
333-334
334-335
335-336
336-337
337-338
338-339
339-340
340-341
341-342
342-343
343-344
344-345
345-346
346-347
347-348
348-349
349-350
350-351
351-352
352-353
353-354
354-355
355-356
356-357
357-358
358-359
359-360
360-361
361-4000
1-362
362-363
363-364
364-365
365-366
366-367
367-368
368-369
369-370
370-371
371-372
372-373
373-374
374-375
375-376
376-377
377-378
378-379
379-380
380-381
381-382
382-383
383-384
384-385
385-386
386-387
387-388
388-389
389-390
390-391
391-392
392-393
393-394
394-395
395-396
396-397
397-398
398-399
399-400
400-401
401-4000
1-402
402-403
403-404
404-405
405-406
406-407
407-408
408-409
409-410
410-411
411-412
412-413
413-414
414-415
415-416
416-417
417-418
418-419
419-420
420-421
421-422
422-423
423-424
424-425
425-426
426-427
427-428
428-429
429-430
430-431
431-432
432-433
433-434
434-435
435-436
436-437
437-438
438-439
439-440
440-441
441-4000
1-442
442-443
443-444
444-445
445-446
446-447
447-448
448-449
449-450
450-451
451-452
452-453
453-454
454-455
455-456
456-457
457-458
458-459
459-460
460-461
461-462
462-463
463-464
464-465
465-466
466-467
467-468
468-469
469-470
470-471
471-472
472-473
473-474
474-475
475-476
476-477
477-478
478-479
479-480
480-481
481-4000
1-482
482-483
483-484
484-485
485-486
486-487
487-488
488-489
489-490
490-491
491-492
492-493
493-494
494-495
495-496
496-497
497-498
498-499
499-500
500-501
501-502
502-503
503-504
504-505
505-506
506-507
507-508
508-509
509-510
510-511
511-512
512-513
513-514
514-515
515-516
516-517
517-518
518-519
519-520
520-521
521-4000
1-522
522-523
523-524
524-525
525-526
526-527
527-528
528-529
529-530
530-531
531-532
532-533
533-534
534-535
535-536
536-537
537-538
538-539
539-540
540-541
541-542
542-543
543-544
544-545
545-546
546-547
547-548
548-549
549-550
550-551
551-552
552-553
553-554
554-555
555-556
556-557
557-558
558-559
559-560
560-561
561-4000
1-562
562-563
563-564
564-565
565-566
566-567
567-568
568-569
569-570
570-571
571-572
572-573
573-574
574-575
575-576
576-577
577-578
578-579
579-580
580-581
581-582
582-583
583-584
584-585
585-586
586-587
587-588
588-589
589-590
590-591
591-592
592-593
593-594
594-595
595-596
596-597
597-598
598-599
599-600
600-601
601-4000
1-602
602-603
603-604
604-605
605-606
606-607
607-608
608-609
609-610
610-611
611-612
612-613
613-614
614-615
615-616
616-617
617-618
618-619
619-620
620-621
621-622
622-623
623-624
624-625
625-626
626-627
627-628
628-629
629-630
630-631
631-632
632-633
633-634
634-635
635-636
636-637
637-638
638-639
639-640
640-641
641-4000
1-642
642-643
643-644
644-645
645-646
646-647
647-648
648-649
649-650
650-651
651-652
652-653
653-654
654-655
655-656
656-657
657-658
658-659
659-660
660-661
661-662
662-663
663-664
664-665
665-666
666-667
667-668
668-669
669-670
670-671
671-672
672-673
673-674
674-675
675-676
676-677
677-678
678-679
679-680
680-681
681-4000
1-682
682-683
683-684
684-685
685-686
686-687
687-688
688-689
689-690
690-691
691-692
692-693
693-694
694-695
695-696
696-697
697-698
698-699
699-700
700-701
701-702
702-703
703-704
704-705
705-706
706-707
707-708
708-709
709-710
710-711
711-712
712-713
713-714
714-715
715-716
716-717
717-718
718-719
719-720
720-721
721-4000
1-722
722-723
723-724
724-725
725-726
726-727
727-728
728-729
729-730
730-731
731-732
732-733
733-734
734-735
735-736
736-737
737-738
738-739
739-740
740-741
741-742
742-743
743-744
744-745
745-746
746-747
747-748
748-749
749-750
750-751
751-752
752-753
753-754
754-755
755-756
756-757
757-758
758-759
759-760
760-761
761-4000
1-762
762-763
763-764
764-765
765-766
766-767
767-768
768-769
769-770
770-771
771-772
772-773
773-774
774-775
775-776
776-777
777-778
778-779
779-780
780-781
781-782
782-783
783-784
784-785
785-786
786-787
787-788
788-789
789-790
790-791
791-792
792-793
793-794
794-795
795-796
796-797
797-798
798-799
799-800
800-801
801-4000
1-802
802-803
803-804
804-805
805-806
806-807
807-808
808-809
809-810
810-811
811-812
812-813
813-814
814-815
815-816
816-817
817-818
818-819
819-820
820-821
821-822
822-823
823-824
824-825
825-826
826-827
827-828
828-829
829-830
830-831
831-832
832-833
833-834
834-835
835-836
836-837
837-838
838-839
839-840
840-841
841-4000
1-842
842-843
843-844
844-845
845-846
846-847
847-848
848-849
849-850
850-851
851-852
852-853
853-854
854-855
855-856
856-857
857-858
858-859
859-860
860-861
861-862
862-863
863-864
864-865
865-866
866-867
867-868
868-869
869-870
870-871
871-872
872-873
873-874
874-875
875-876
876-877
877-878
878-879
879-880
880-881
881-4000
1-882
882-883
883-884
884-885
885-886
886-887
887-888
888-889
889-890
890-891
891-892
892-893
893-894
894-895
895-896
896-897
897-898
898-899
899-900
900-901
901-902
902-903
903-904
904-905
905-906
906-907
907-908
908-909
909-910
910-911
911-912
912-913
913-914
914-915
915-916
916-917
917-918
918-919
919-920
920-921
921-4000
1-922
922-923
923-924
924-925
925-926
926-927
927-928
928-929
929-930
930-931
931-932
932-933
933-934
934-935
935-936
936-937
937-938
938-939
939-940
940-941
941-942
942-943
943-944
944-945
945-946
946-947
947-948
948-949
949-950
950-951
951-952
952-953
953-954
954-955
955-956
956-957
957-958
958-959
959-960
960-961
961-4000
1-962
962-963
963-964
964-965
965-966
966-967
967-968
968-969
969-970
970-971
971-972
972-973
973-974
974-975
975-976
976-977
977-978
978-979
979-980
980-981
981-982
982-983
983-984
984-985
985-986
986-987
987-988
988-989
989-990
990-991
991-992
992-993
993-994
994-995
995-996
996-997
997-998
998-999
999-1000
1000-1001
1001-4000
1-1002
1002-1003
1003-1004
1004-1005
1005-1006
1006-1007
1007-1008
1008-1009
1009-1010
1010-1011
1011-1012
1012-1013
1013-1014
1014-1015
1015-1016
1016-1017
1017-1018
1018-1019
1019-1020
1020-1021
1021-1022
1022-1023
1023-1024
1024-1025
1025-1026
1026-1027
1027-1028
1028-1029
1029-1030
1030-1031
1031-1032
1032-1033
1033-1034
1034-1035
1035-1036
1036-1037
1037-1038
1038-1039
1039-1040
1040-1041
1041-4000
1-1042
1042-1043
1043-1044
1044-1045
1045-1046
1046-1047
1047-1048
1048-1049
1049-1050
1050-1051
1051-1052
1052-1053
1053-1054
1054-1055
1055-1056
1056-1057
1057-1058
1058-1059
1059-1060
1060-1061
1061-1062
1062-1063
1063-1064
1064-1065
1065-1066
1066-1067
1067-1068
1068-1069
1069-1070
1070-1071
1071-1072
1072-1073
1073-1074
1074-1075
1075-1076
1076-1077
1077-1078
1078-1079
1079-1080
1080-1081
1081-4000
1-1082
1082-1083
1083-1084
1084-1085
1085-1086
1086-1087
1087-1088
1088-1089
1089-1090
1090-1091
1091-1092
1092-1093
1093-1094
1094-1095
1095-1096
1096-1097
1097-1098
1098-1099
1099-1100
1100-1101
1101-1102
1102-1103
1103-1104
1104-1105
1105-1106
1106-1107
1107-1108
1108-1109
1109-1110
1110-1111
1111-1112
1112-1113
1113-1114
1114-1115
1115-1116
1116-1117
1117-1118
1118-1119
1119-1120
1120-1121
1121-4000
1-1122
1122-1123
1123-1124
1124-1125
1125-1126
1126-1127
1127-1128
1128-1129
1129-1130
1130-1131
1131-1132
1132-1133
1133-1134
1134-1135
1135-1136
1136-1137
1137-1138
1138-1139
1139-1140
1140-1141
1141-1142
1142-1143
1143-1144
1144-1145
1145-1146
1146-1147
1147-1148
1148-1149
1149-1150
1150-1151
1151-1152
1152-1153
1153-1154
1154-1155
1155-1156
1156-1157
1157-1158
1158-1159
1159-1160
1160-1161
1161-4000
1-1162
1162-1163
1163-1164
1164-1165
1165-1166
1166-1167
1167-1168
1168-1169
1169-1170
1170-1171
1171-1172
1172-1173
1173-1174
1174-1175
1175-1176
1176-1177
1177-1178
1178-1179
1179-1180
1180-1181
1181-1182
1182-1183
1183-1184
1184-1185
1185-1186
1186-1187
1187-1188
1188-1189
1189-1190
1190-1191
1191-1192
1192-1193
1193-1194
1194-1195
1195-1196
1196-1197
1197-1198
1198-1199
1199-1200
1200-1201
1201-4000
1-1202
1202-1203
1203-1204
1204-1205
1205-1206
1206-1207
1207-1208
1208-1209
1209-1210
1210-1211
1211-1212
1212-1213
1213-1214
1214-1215
1215-1216
1216-1217
1217-1218
1218-1219
1219-1220
1220-1221
1221-1222
1222-1223
1223-1224
1224-1225
1225-1226
1226-1227
1227-1228
1228-1229
1229-1230
1230-1231
1231-1232
1232-1233
1233-1234
1234-1235
1235-1236
1236-1237
1237-1238
1238-1239
1239-1240
1240-1241
1241-4000
1-1242
1242-1243
1243-1244
1244-1245
1245-1246
1246-1247
1247-1248
1248-1249
1249-1250
1250-1251
1251-1252
1252-1253
1253-1254
1254-1255
1255-1256
1256-1257
1257-1258
1258-1259
1259-1260
1260-1261
1261-1262
1262-1263
1263-1264
1264-1265
1265-1266
1266-1267
1267-1268
1268-1269
1269-1270
1270-1271
1271-1272
1272-1273
1273-1274
1274-1275
1275-1276
1276-1277
1277-1278
1278-1279
1279-1280
1280-1281
1281-4000
1-1282
1282-1283
1283-1284
1284-1285
1285-1286
1286-1287
1287-1288
1288-1289
1289-1290
1290-1291
1291-1292
1292-1293
1293-1294
1294-1295
1295-1296
1296-1297
1297-1298
1298-1299
1299-1300
1300-1301
1301-1302
1302-1303
1303-1304
1304-1305
1305-1306
1306-1307
1307-1308
1308-1309
1309-1310
1310-1311
1311-1312
1312-1313
1313-1314
1314-1315
1315-1316
1316-1317
1317-1318
1318-1319
1319-1320
1320-1321
1321-4000
1-1322
1322-1323
1323-1324
1324-1325
1325-1326
1326-1327
1327-1328
1328-1329
1329-1330
1330-1331
1331-1332
1332-1333
1333-1334
1334-1335
1335-1336
1336-1337
1337-1338
1338-1339
1339-1340
1340-1341
1341-1342
1342-1343
1343-1344
1344-1345
1345-1346
1346-1347
1347-1348
1348-1349
1349-1350
1350-1351
1351-1352
1352-1353
1353-1354
1354-1355
1355-1356
1356-1357
1357-1358
1358-1359
1359-1360
1360-1361
1361-4000
1-1362
1362-1363
1363-1364
1364-1365
1365-1366
1366-1367
1367-1368
1368-1369
1369-1370
1370-1371
1371-1372
1372-1373
1373-1374
1374-1375
1375-1376
1376-1377
1377-1378
1378-1379
1379-1380
1380-1381
1381-1382
1382-1383
1383-1384
1384-1385
1385-1386
1386-1387
1387-1388
1388-1389
1389-1390
1390-1391
1391-1392
1392-1393
1393-1394
1394-1395
1395-1396
1396-1397
1397-1398
1398-1399
1399-1400
1400-1401
1401-4000
1-1402
1402-1403
1403-1404
1404-1405
1405-1406
1406-1407
1407-1408
1408-1409
1409-1410
1410-1411
1411-1412
1412-1413
1413-1414
1414-1415
1415-1416
1416-1417
1417-1418
1418-1419
1419-1420
1420-1421
1421-1422
1422-1423
1423-1424
1424-1425
1425-1426
1426-1427
1427-1428
1428-1429
1429-1430
1430-1431
1431-1432
1432-1433
1433-1434
1434-1435
1435-1436
1436-1437
1437-1438
1438-1439
1439-1440
1440-1441
1441-4000
1-1442
1442-1443
1443-1444
1444-1445
1445-1446
1446-1447
1447-1448
1448-1449
1449-1450
1450-1451
1451-1452
1452-1453
1453-1454
1454-1455
1455-1456
1456-1457
1457-1458
1458-1459
1459-1460
1460-1461
1461-1462
1462-1463
1463-1464
1464-1465
1465-1466
1466-1467
1467-1468
1468-1469
1469-1470
1470-1471
1471-1472
1472-1473
1473-1474
1474-1475
1475-1476
1476-1477
1477-1478
1478-1479
1479-1480
1480-1481
1481-4000
1-1482
1482-1483
1483-1484
1484-1485
1485-1486
1486-1487
1487-1488
1488-1489
1489-1490
1490-1491
1491-1492
1492-1493
1493-1494
1494-1495
1495-1496
1496-1497
1497-1498
1498-1499
1499-1500
1500-1501
1501-1502
1502-1503
1503-1504
1504-1505
1505-1506
1506-1507
1507-1508
1508-1509
1509-1510
1510-1511
1511-1512
1512-1513
1513-1514
1514-1515
1515-1516
1516-1517
1517-1518
1518-1519
1519-1520
1520-1521
1521-4000
1-1522
1522-1523
1523-1524
1524-1525
1525-1526
1526-1527
1527-1528
1528-1529
1529-1530
1530-1531
1531-1532
1532-1533
1533-1534
1534-1535
1535-1536
1536-1537
1537-1538
1538-1539
1539-1540
1540-1541
1541-1542
1542-1543
1543-1544
1544-1545
1545-1546
1546-1547
1547-1548
1548-1549
1549-1550
1550-1551
1551-1552
1552-1553
1553-1554
1554-1555
1555-1556
1556-1557
1557-1558
1558-1559
1559-1560
1560-1561
1561-4000
1-1562
1562-1563
1563-1564
1564-1565
1565-1566
1566-1567
1567-1568
1568-1569
1569-1570
1570-1571
1571-1572
1572-1573
1573-1574
1574-1575
1575-1576
1576-1577
1577-1578
1578-1579
1579-1580
1580-1581
1581-1582
1582-1583
1583-1584
1584-1585
1585-1586
1586-1587
1587-1588
1588-1589
1589-1590
1590-1591
1591-1592
1592-1593
1593-1594
1594-1595
1595-1596
1596-1597
1597-1598
1598-1599
1599-1600
1600-1601
1601-4000
1-1602
1602-1603
1603-1604
1604-1605
1605-1606
1606-1607
1607-1608
1608-1609
1609-1610
1610-1611
1611-1612
1612-1613
1613-1614
1614-1615
1615-1616
1616-1617
1617-1618
1618-1619
1619-1620
1620-1621
1621-1622
1622-1623
1623-1624
1624-1625
1625-1626
1626-1627
1627-1628
1628-1629
1629-1630
1630-1631
1631-1632
1632-1633
1633-1634
1634-1635
1635-1636
1636-1637
1637-1638
1638-1639
1639-1640
1640-1641
1641-4000
1-1642
1642-1643
1643-1644
1644-1645
1645-1646
1646-1647
1647-1648
1648-1649
1649-1650
1650-1651
1651-1652
1652-1653
1653-1654
1654-1655
1655-1656
1656-1657
1657-1658
1658-1659
1659-1660
1660-1661
1661-1662
1662-1663
1663-1664
1664-1665
1665-1666
1666-1667
1667-1668
1668-1669
1669-1670
1670-1671
1671-1672
1672-1673
1673-1674
1674-1675
1675-1676
1676-1677
1677-1678
1678-1679
1679-1680
1680-1681
1681-4000
1-1682
1682-1683
1683-1684
1684-1685
1685-1686
1686-1687
1687-1688
1688-1689
1689-1690
1690-1691
1691-1692
1692-1693
1693-1694
1694-1695
1695-1696
1696-1697
1697-1698
1698-1699
1699-1700
1700-1701
1701-1702
1702-1703
1703-1704
1704-1705
1705-1706
1706-1707
1707-1708
1708-1709
1709-1710
1710-1711
1711-1712
1712-1713
1713-1714
1714-1715
1715-1716
1716-1717
1717-1718
1718-1719
1719-1720
1720-1721
1721-4000
1-1722
1722-1723
1723-1724
1724-1725
1725-1726
1726-1727
1727-1728
1728-1729
1729-1730
1730-1731
1731-1732
1732-1733
1733-1734
1734-1735
1735-1736
1736-1737
1737-1738
1738-1739
1739-1740
1740-1741
1741-1742
1742-1743
1743-1744
1744-1745
1745-1746
1746-1747
1747-1748
1748-1749
1749-1750
1750-1751
1751-1752
1752-1753
1753-1754
1754-1755
1755-1756
1756-1757
1757-1758
1758-1759
1759-1760
1760-1761
1761-4000
1-1762
1762-1763
1763-1764
1764-1765
1765-1766
1766-1767
1767-1768
1768-1769
1769-1770
1770-1771
1771-1772
1772-1773
1773-1774
1774-1775
1775-1776
1776-1777
1777-1778
1778-1779
1779-1780
1780-1781
1781-1782
1782-1783
1783-1784
1784-1785
1785-1786
1786-1787
1787-1788
1788-1789
1789-1790
1790-1791
1791-1792
1792-1793
1793-1794
1794-1795
1795-1796
1796-1797
1797-1798
1798-1799
1799-1800
1800-1801
1801-4000
1-1802
1802-1803
1803-1804
1804-1805
1805-1806
1806-1807
1807-1808
1808-1809
1809-1810
1810-1811
1811-1812
1812-1813
1813-1814
1814-1815
1815-1816
1816-1817
1817-1818
1818-1819
1819-1820
1820-1821
1821-1822
1822-1823
1823-1824
1824-1825
1825-1826
1826-1827
1827-1828
1828-1829
1829-1830
1830-1831
1831-1832
1832-1833
1833-1834
1834-1835
1835-1836
1836-1837
1837-1838
1838-1839
1839-1840
1840-1841
1841-4000
1-1842
1842-1843
1843-1844
1844-1845
1845-1846
1846-1847
1847-1848
1848-1849
1849-1850
1850-1851
1851-1852
1852-1853
1853-1854
1854-1855
1855-1856
1856-1857
1857-1858
1858-1859
1859-1860
1860-1861
1861-1862
1862-1863
1863-1864
1864-1865
1865-1866
1866-1867
1867-1868
1868-1869
1869-1870
1870-1871
1871-1872
1872-1873
1873-1874
1874-1875
1875-1876
1876-1877
1877-1878
1878-1879
1879-1880
1880-1881
1881-4000
1-1882
1882-1883
1883-1884
1884-1885
1885-1886
1886-1887
1887-1888
1888-1889
1889-1890
1890-1891
1891-1892
1892-1893
1893-1894
1894-1895
1895-1896
1896-1897
1897-1898
1898-1899
1899-1900
1900-1901
1901-1902
1902-1903
1903-1904
1904-1905
1905-1906
1906-1907
1907-1908
1908-1909
1909-1910
1910-1911
1911-1912
1912-1913
1913-1914
1914-1915
1915-1916
1916-1917
1917-1918
1918-1919
1919-1920
1920-1921
1921-4000
1-1922
1922-1923
1923-1924
1924-1925
1925-1926
1926-1927
1927-1928
1928-1929
1929-1930
1930-1931
1931-1932
1932-1933
1933-1934
1934-1935
1935-1936
1936-1937
1937-1938
1938-1939
1939-1940
1940-1941
1941-1942
1942-1943
1943-1944
1944-1945
1945-1946
1946-1947
1947-1948
1948-1949
1949-1950
1950-1951
1951-1952
1952-1953
1953-1954
1954-1955
1955-1956
1956-1957
1957-1958
1958-1959
1959-1960
1960-1961
1961-4000
1-1962
1962-1963
1963-1964
1964-1965
1965-1966
1966-1967
1967-1968
1968-1969
1969-1970
1970-1971
1971-1972
1972-1973
1973-1974
1974-1975
1975-1976
1976-1977
1977-1978
1978-1979
1979-1980
1980-1981
1981-1982
1982-1983
1983-1984
1984-1985
1985-1986
1986-1987
1987-1988
1988-1989
1989-1990
1990-1991
1991-1992
1992-1993
1993-1994
1994-1995
1995-1996
1996-1997
1997-1998
1998-1999
1999-2000
2000-2001
2001-4000
1-2002
2002-2003
2003-2004
2004-2005
2005-2006
2006-2007
2007-2008
2008-2009
2009-2010
2010-2011
2011-2012
2012-2013
2013-2014
2014-2015
2015-2016
2016-2017
2017-2018
2018-2019
2019-2020
2020-2021
2021-2022
2022-2023
2023-2024
2024-2025
2025-2026
2026-2027
2027-2028
2028-2029
2029-2030
2030-2031
2031-2032
2032-2033
2033-2034
2034-2035
2035-2036
2036-2037
2037-2038
2038-2039
2039-2040
2040-2041
2041-4000
1-2042
2042-2043
2043-2044
2044-2045
2045-2046
2046-2047
2047-2048
2048-2049
2049-2050
2050-2051
2051-2052
2052-2053
2053-2054
2054-2055
2055-2056
2056-2057
2057-2058
2058-2059
2059-2060
2060-2061
2061-2062
2062-2063
2063-2064
2064-2065
2065-2066
2066-2067
2067-2068
2068-2069
2069-2070
2070-2071
2071-2072
2072-2073
2073-2074
2074-2075
2075-2076
2076-2077
2077-2078
2078-2079
2079-2080
2080-2081
2081-4000
1-2082
2082-2083
2083-2084
2084-2085
2085-2086
2086-2087
2087-2088
2088-2089
2089-2090
2090-2091
2091-2092
2092-2093
2093-2094
2094-2095
2095-2096
2096-2097
2097-2098
2098-2099
2099-2100
2100-2101
2101-2102
2102-2103
2103-2104
2104-2105
2105-2106
2106-2107
2107-2108
2108-2109
2109-2110
2110-2111
2111-2112
2112-2113
2113-2114
2114-2115
2115-2116
2116-2117
2117-2118
2118-2119
2119-2120
2120-2121
2121-4000
1-2122
2122-2123
2123-2124
2124-2125
2125-2126
2126-2127
2127-2128
2128-2129
2129-2130
2130-2131
2131-2132
2132-2133
2133-2134
2134-2135
2135-2136
2136-2137
2137-2138
2138-2139
2139-2140
2140-2141
2141-2142
2142-2143
2143-2144
2144-2145
2145-2146
2146-2147
2147-2148
2148-2149
2149-2150
2150-2151
2151-2152
2152-2153
2153-2154
2154-2155
2155-2156
2156-2157
2157-2158
2158-2159
2159-2160
2160-2161
2161-4000
1-2162
2162-2163
2163-2164
2164-2165
2165-2166
2166-2167
2167-2168
2168-2169
2169-2170
2170-2171
2171-2172
2172-2173
2173-2174
2174-2175
2175-2176
2176-2177
2177-2178
2178-2179
2179-2180
2180-2181
2181-2182
2182-2183
2183-2184
2184-2185
2185-2186
2186-2187
2187-2188
2188-2189
2189-2190
2190-2191
2191-2192
2192-2193
2193-2194
2194-2195
2195-2196
2196-2197
2197-2198
2198-2199
2199-2200
2200-2201
2201-4000
1-2202
2202-2203
2203-2204
2204-2205
2205-2206
2206-2207
2207-2208
2208-2209
2209-2210
2210-2211
2211-2212
2212-2213
2213-2214
2214-2215
2215-2216
2216-2217
2217-2218
2218-2219
2219-2220
2220-2221
2221-2222
2222-2223
2223-2224
2224-2225
2225-2226
2226-2227
2227-2228
2228-2229
2229-2230
2230-2231
2231-2232
2232-2233
2233-2234
2234-2235
2235-2236
2236-2237
2237-2238
2238-2239
2239-2240
2240-2241
2241-4000
1-2242
2242-2243
2243-2244
2244-2245
2245-2246
2246-2247
2247-2248
2248-2249
2249-2250
2250-2251
2251-2252
2252-2253
2253-2254
2254-2255
2255-2256
2256-2257
2257-2258
2258-2259
2259-2260
2260-2261
2261-2262
2262-2263
2263-2264
2264-2265
2265-2266
2266-2267
2267-2268
2268-2269
2269-2270
2270-2271
2271-2272
2272-2273
2273-2274
2274-2275
2275-2276
2276-2277
2277-2278
2278-2279
2279-2280
2280-2281
2281-4000
1-2282
2282-2283
2283-2284
2284-2285
2285-2286
2286-2287
2287-2288
2288-2289
2289-2290
2290-2291
2291-2292
2292-2293
2293-2294
2294-2295
2295-2296
2296-2297
2297-2298
2298-2299
2299-2300
2300-2301
2301-2302
2302-2303
2303-2304
2304-2305
2305-2306
2306-2307
2307-2308
2308-2309
2309-2310
2310-2311
2311-2312
2312-2313
2313-2314
2314-2315
2315-2316
2316-2317
2317-2318
2318-2319
2319-2320
2320-2321
2321-4000
1-2322
2322-2323
2323-2324
2324-2325
2325-2326
2326-2327
2327-2328
2328-2329
2329-2330
2330-2331
2331-2332
2332-2333
2333-2334
2334-2335
2335-2336
2336-2337
2337-2338
2338-2339
2339-2340
2340-2341
2341-2342
2342-2343
2343-2344
2344-2345
2345-2346
2346-2347
2347-2348
2348-2349
2349-2350
2350-2351
2351-2352
2352-2353
2353-2354
2354-2355
2355-2356
2356-2357
2357-2358
2358-2359
2359-2360
2360-2361
2361-4000
1-2362
2362-2363
2363-2364
2364-2365
2365-2366
2366-2367
2367-2368
2368-2369
2369-2370
2370-2371
2371-2372
2372-2373
2373-2374
2374-2375
2375-2376
2376-2377
2377-2378
2378-2379
2379-2380
2380-2381
2381-2382
2382-2383
2383-2384
2384-2385
2385-2386
2386-2387
2387-2388
2388-2389
2389-2390
2390-2391
2391-2392
2392-2393
2393-2394
2394-2395
2395-2396
2396-2397
2397-2398
2398-2399
2399-2400
2400-2401
2401-4000
1-2402
2402-2403
2403-2404
2404-2405
2405-2406
2406-2407
2407-2408
2408-2409
2409-2410
2410-2411
2411-2412
2412-2413
2413-2414
2414-2415
2415-2416
2416-2417
2417-2418
2418-2419
2419-2420
2420-2421
2421-2422
2422-2423
2423-2424
2424-2425
2425-2426
2426-2427
2427-2428
2428-2429
2429-2430
2430-2431
2431-2432
2432-2433
2433-2434
2434-2435
2435-2436
2436-2437
2437-2438
2438-2439
2439-2440
2440-2441
2441-4000
1-2442
2442-2443
2443-2444
2444-2445
2445-2446
2446-2447
2447-2448
2448-2449
2449-2450
2450-2451
2451-2452
2452-2453
2453-2454
2454-2455
2455-2456
2456-2457
2457-2458
2458-2459
2459-2460
2460-2461
2461-2462
2462-2463
2463-2464
2464-2465
2465-2466
2466-2467
2467-2468
2468-2469
2469-2470
2470-2471
2471-2472
2472-2473
2473-2474
2474-2475
2475-2476
2476-2477
2477-2478
2478-2479
2479-2480
2480-2481
2481-4000
1-2482
2482-2483
2483-2484
2484-2485
2485-2486
2486-2487
2487-2488
2488-2489
2489-2490
2490-2491
2491-2492
2492-2493
2493-2494
2494-2495
2495-2496
2496-2497
2497-2498
2498-2499
2499-2500
2500-2501
2501-2502
2502-2503
2503-2504
2504-2505
2505-2506
2506-2507
2507-2508
2508-2509
2509-2510
2510-2511
2511-2512
2512-2513
2513-2514
2514-2515
2515-2516
2516-2517
2517-2518
2518-2519
2519-2520
2520-2521
2521-4000
1-2522
2522-2523
2523-2524
2524-2525
2525-2526
2526-2527
2527-2528
2528-2529
2529-2530
2530-2531
2531-2532
2532-2533
2533-2534
2534-2535
2535-2536
2536-2537
2537-2538
2538-2539
2539-2540
2540-2541
2541-2542
2542-2543
2543-2544
2544-2545
2545-2546
2546-2547
2547-2548
2548-2549
2549-2550
2550-2551
2551-2552
2552-2553
2553-2554
2554-2555
2555-2556
2556-2557
2557-2558
2558-2559
2559-2560
2560-2561
2561-4000
1-2562
2562-2563
2563-2564
2564-2565
2565-2566
2566-2567
2567-2568
2568-2569
2569-2570
2570-2571
2571-2572
2572-2573
2573-2574
2574-2575
2575-2576
2576-2577
2577-2578
2578-2579
2579-2580
2580-2581
2581-2582
2582-2583
2583-2584
2584-2585
2585-2586
2586-2587
2587-2588
2588-2589
2589-2590
2590-2591
2591-2592
2592-2593
2593-2594
2594-2595
2595-2596
2596-2597
2597-2598
2598-2599
2599-2600
2600-2601
2601-4000
1-2602
2602-2603
2603-2604
2604-2605
2605-2606
2606-2607
2607-2608
2608-2609
2609-2610
2610-2611
2611-2612
2612-2613
2613-2614
2614-2615
2615-2616
2616-2617
2617-2618
2618-2619
2619-2620
2620-2621
2621-2622
2622-2623
2623-2624
2624-2625
2625-2626
2626-2627
2627-2628
2628-2629
2629-2630
2630-2631
2631-2632
2632-2633
2633-2634
2634-2635
2635-2636
2636-2637
2637-2638
2638-2639
2639-2640
2640-2641
2641-4000
1-2642
2642-2643
2643-2644
2644-2645
2645-2646
2646-2647
2647-2648
2648-2649
2649-2650
2650-2651
2651-2652
2652-2653
2653-2654
2654-2655
2655-2656
2656-2657
2657-2658
2658-2659
2659-2660
2660-2661
2661-2662
2662-2663
2663-2664
2664-2665
2665-2666
2666-2667
2667-2668
2668-2669
2669-2670
2670-2671
2671-2672
2672-2673
2673-2674
2674-2675
2675-2676
2676-2677
2677-2678
2678-2679
2679-2680
2680-2681
2681-4000
1-2682
2682-2683
2683-2684
2684-2685
2685-2686
2686-2687
2687-2688
2688-2689
2689-2690
2690-2691
2691-2692
2692-2693
2693-2694
2694-2695
2695-2696
2696-2697
2697-2698
2698-2699
2699-2700
2700-2701
2701-2702
2702-2703
2703-2704
2704-2705
2705-2706
2706-2707
2707-2708
2708-2709
2709-2710
2710-2711
2711-2712
2712-2713
2713-2714
2714-2715
2715-2716
2716-2717
2717-2718
2718-2719
2719-2720
2720-2721
2721-4000
1-2722
2722-2723
2723-2724
2724-2725
2725-2726
2726-2727
2727-2728
2728-2729
2729-2730
2730-2731
2731-2732
2732-2733
2733-2734
2734-2735
2735-2736
2736-2737
2737-2738
2738-2739
2739-2740
2740-2741
2741-2742
2742-2743
2743-2744
2744-2745
2745-2746
2746-2747
2747-2748
2748-2749
2749-2750
2750-2751
2751-2752
2752-2753
2753-2754
2754-2755
2755-2756
2756-2757
2757-2758
2758-2759
2759-2760
2760-2761
2761-4000
1-2762
2762-2763
2763-2764
2764-2765
2765-2766
2766-2767
2767-2768
2768-2769
2769-2770
2770-2771
2771-2772
2772-2773
2773-2774
2774-2775
2775-2776
2776-2777
2777-2778
2778-2779
2779-2780
2780-2781
2781-2782
2782-2783
2783-2784
2784-2785
2785-2786
2786-2787
2787-2788
2788-2789
2789-2790
2790-2791
2791-2792
2792-2793
2793-2794
2794-2795
2795-2796
2796-2797
2797-2798
2798-2799
2799-2800
2800-2801
2801-4000
1-2802
2802-2803
2803-2804
2804-2805
2805-2806
2806-2807
2807-2808
2808-2809
2809-2810
2810-2811
2811-2812
2812-2813
2813-2814
2814-2815
2815-2816
2816-2817
2817-2818
2818-2819
2819-2820
2820-2821
2821-2822
2822-2823
2823-2824
2824-2825
2825-2826
2826-2827
2827-2828
2828-2829
2829-2830
2830-2831
2831-2832
2832-2833
2833-2834
2834-2835
2835-2836
2836-2837
2837-2838
2838-2839
2839-2840
2840-2841
2841-4000
1-2842
2842-2843
2843-2844
2844-2845
2845-2846
2846-2847
2847-2848
2848-2849
2849-2850
2850-2851
2851-2852
2852-2853
2853-2854
2854-2855
2855-2856
2856-2857
2857-2858
2858-2859
2859-2860
2860-2861
2861-2862
2862-2863
2863-2864
2864-2865
2865-2866
2866-2867
2867-2868
2868-2869
2869-2870
2870-2871
2871-2872
2872-2873
2873-2874
2874-2875
2875-2876
2876-2877
2877-2878
2878-2879
2879-2880
2880-2881
2881-4000
1-2882
2882-2883
2883-2884
2884-2885
2885-2886
2886-2887
2887-2888
2888-2889
2889-2890
2890-2891
2891-2892
2892-2893
2893-2894
2894-2895
2895-2896
2896-2897
2897-2898
2898-2899
2899-2900
2900-2901
2901-2902
2902-2903
2903-2904
2904-2905
2905-2906
2906-2907
2907-2908
2908-2909
2909-2910
2910-2911
2911-2912
2912-2913
2913-2914
2914-2915
2915-2916
2916-2917
2917-2918
2918-2919
2919-2920
2920-2921
2921-4000
1-2922
2922-2923
2923-2924
2924-2925
2925-2926
2926-2927
2927-2928
2928-2929
2929-2930
2930-2931
2931-2932
2932-2933
2933-2934
2934-2935
2935-2936
2936-2937
2937-2938
2938-2939
2939-2940
2940-2941
2941-2942
2942-2943
2943-2944
2944-2945
2945-2946
2946-2947
2947-2948
2948-2949
2949-2950
2950-2951
2951-2952
2952-2953
2953-2954
2954-2955
2955-2956
2956-2957
2957-2958
2958-2959
2959-2960
2960-2961
2961-4000
1-2962
2962-2963
2963-2964
2964-2965
2965-2966
2966-2967
2967-2968
2968-2969
2969-2970
2970-2971
2971-2972
2972-2973
2973-2974
2974-2975
2975-2976
2976-2977
2977-2978
2978-2979
2979-2980
2980-2981
2981-2982
2982-2983
2983-2984
2984-2985
2985-2986
2986-2987
2987-2988
2988-2989
2989-2990
2990-2991
2991-2992
2992-2993
2993-2994
2994-2995
2995-2996
2996-2997
2997-2998
2998-2999
2999-3000
3000-3001
3001-4000
1-3002
3002-3003
3003-3004
3004-3005
3005-3006
3006-3007
3007-3008
3008-3009
3009-3010
3010-3011
3011-3012
3012-3013
3013-3014
3014-3015
3015-3016
3016-3017
3017-3018
3018-3019
3019-3020
3020-3021
3021-3022
3022-3023
3023-3024
3024-3025
3025-3026
3026-3027
3027-3028
3028-3029
3029-3030
3030-3031
3031-3032
3032-3033
3033-3034
3034-3035
3035-3036
3036-3037
3037-3038
3038-3039
3039-3040
3040-3041
3041-4000
1-3042
3042-3043
3043-3044
3044-3045
3045-3046
3046-3047
3047-3048
3048-3049
3049-3050
3050-3051
3051-3052
3052-3053
3053-3054
3054-3055
3055-3056
3056-3057
3057-3058
3058-3059
3059-3060
3060-3061
3061-3062
3062-3063
3063-3064
3064-3065
3065-3066
3066-3067
3067-3068
3068-3069
3069-3070
3070-3071
3071-3072
3072-3073
3073-3074
3074-3075
3075-3076
3076-3077
3077-3078
3078-3079
3079-3080
3080-3081
3081-4000
1-3082
3082-3083
3083-3084
3084-3085
3085-3086
3086-3087
3087-3088
3088-3089
3089-3090
3090-3091
3091-3092
3092-3093
3093-3094
3094-3095
3095-3096
3096-3097
3097-3098
3098-3099
3099-3100
3100-3101
3101-3102
3102-3103
3103-3104
3104-3105
3105-3106
3106-3107
3107-3108
3108-3109
3109-3110
3110-3111
3111-3112
3112-3113
3113-3114
3114-3115
3115-3116
3116-3117
3117-3118
3118-3119
3119-3120
3120-3121
3121-4000
1-3122
3122-3123
3123-3124
3124-3125
3125-3126
3126-3127
3127-3128
3128-3129
3129-3130
3130-3131
3131-3132
3132-3133
3133-3134
3134-3135
3135-3136
3136-3137
3137-3138
3138-3139
3139-3140
3140-3141
3141-3142
3142-3143
3143-3144
3144-3145
3145-3146
3146-3147
3147-3148
3148-3149
3149-3150
3150-3151
3151-3152
3152-3153
3153-3154
3154-3155
3155-3156
3156-3157
3157-3158
3158-3159
3159-3160
3160-3161
3161-4000
1-3162
3162-3163
3163-3164
3164-3165
3165-3166
3166-3167
3167-3168
3168-3169
3169-3170
3170-3171
3171-3172
3172-3173
3173-3174
3174-3175
3175-3176
3176-3177
3177-3178
3178-3179
3179-3180
3180-3181
3181-3182
3182-3183
3183-3184
3184-3185
3185-3186
3186-3187
3187-3188
3188-3189
3189-3190
3190-3191
3191-3192
3192-3193
3193-3194
3194-3195
3195-3196
3196-3197
3197-3198
3198-3199
3199-3200
3200-3201
3201-4000
1-3202
3202-3203
3203-3204
3204-3205
3205-3206
3206-3207
3207-3208
3208-3209
3209-3210
3210-3211
3211-3212
3212-3213
3213-3214
3214-3215
3215-3216
3216-3217
3217-3218
3218-3219
3219-3220
3220-3221
3221-3222
3222-3223
3223-3224
3224-3225
3225-3226
3226-3227
3227-3228
3228-3229
3229-3230
3230-3231
3231-3232
3232-3233
3233-3234
3234-3235
3235-3236
3236-3237
3237-3238
3238-3239
3239-3240
3240-3241
3241-4000
1-3242
3242-3243
3243-3244
3244-3245
3245-3246
3246-3247
3247-3248
3248-3249
3249-3250
3250-3251
3251-3252
3252-3253
3253-3254
3254-3255
3255-3256
3256-3257
3257-3258
3258-3259
3259-3260
3260-3261
3261-3262
3262-3263
3263-3264
3264-3265
3265-3266
3266-3267
3267-3268
3268-3269
3269-3270
3270-3271
3271-3272
3272-3273
3273-3274
3274-3275
3275-3276
3276-3277
3277-3278
3278-3279
3279-3280
3280-3281
3281-4000
1-3282
3282-3283
3283-3284
3284-3285
3285-3286
3286-3287
3287-3288
3288-3289
3289-3290
3290-3291
3291-3292
3292-3293
3293-3294
3294-3295
3295-3296
3296-3297
3297-3298
3298-3299
3299-3300
3300-3301
3301-3302
3302-3303
3303-3304
3304-3305
3305-3306
3306-3307
3307-3308
3308-3309
3309-3310
3310-3311
3311-3312
3312-3313
3313-3314
3314-3315
3315-3316
3316-3317
3317-3318
3318-3319
3319-3320
3320-3321
3321-4000
1-3322
3322-3323
3323-3324
3324-3325
3325-3326
3326-3327
3327-3328
3328-3329
3329-3330
3330-3331
3331-3332
3332-3333
3333-3334
3334-3335
3335-3336
3336-3337
3337-3338
3338-3339
3339-3340
3340-3341
3341-3342
3342-3343
3343-3344
3344-3345
3345-3346
3346-3347
3347-3348
3348-3349
3349-3350
3350-3351
3351-3352
3352-3353
3353-3354
3354-3355
3355-3356
3356-3357
3357-3358
3358-3359
3359-3360
3360-3361
3361-4000
1-3362
3362-3363
3363-3364
3364-3365
3365-3366
3366-3367
3367-3368
3368-3369
3369-3370
3370-3371
3371-3372
3372-3373
3373-3374
3374-3375
3375-3376
3376-3377
3377-3378
3378-3379
3379-3380
3380-3381
3381-3382
3382-3383
3383-3384
3384-3385
3385-3386
3386-3387
3387-3388
3388-3389
3389-3390
3390-3391
3391-3392
3392-3393
3393-3394
3394-3395
3395-3396
3396-3397
3397-3398
3398-3399
3399-3400
3400-3401
3401-4000
1-3402
3402-3403
3403-3404
3404-3405
3405-3406
3406-3407
3407-3408
3408-3409
3409-3410
3410-3411
3411-3412
3412-3413
3413-3414
3414-3415
3415-3416
3416-3417
3417-3418
3418-3419
3419-3420
3420-3421
3421-3422
3422-3423
3423-3424
3424-3425
3425-3426
3426-3427
3427-3428
3428-3429
3429-3430
3430-3431
3431-3432
3432-3433
3433-3434
3434-3435
3435-3436
3436-3437
3437-3438
3438-3439
3439-3440
3440-3441
3441-4000
1-3442
3442-3443
3443-3444
3444-3445
3445-3446
3446-3447
3447-3448
3448-3449
3449-3450
3450-3451
3451-3452
3452-3453
3453-3454
3454-3455
3455-3456
3456-3457
3457-3458
3458-3459
3459-3460
3460-3461
3461-3462
3462-3463
3463-3464
3464-3465
3465-3466
3466-3467
3467-3468
3468-3469
3469-3470
3470-3471
3471-3472
3472-3473
3473-3474
3474-3475
3475-3476
3476-3477
3477-3478
3478-3479
3479-3480
3480-3481
3481-4000
1-3482
3482-3483
3483-3484
3484-3485
3485-3486
3486-3487
3487-3488
3488-3489
3489-3490
3490-3491
3491-3492
3492-3493
3493-3494
3494-3495
3495-3496
3496-3497
3497-3498
3498-3499
3499-3500
3500-3501
3501-3502
3502-3503
3503-3504
3504-3505
3505-3506
3506-3507
3507-3508
3508-3509
3509-3510
3510-3511
3511-3512
3512-3513
3513-3514
3514-3515
3515-3516
3516-3517
3517-3518
3518-3519
3519-3520
3520-3521
3521-4000
1-3522
3522-3523
3523-3524
3524-3525
3525-3526
3526-3527
3527-3528
3528-3529
3529-3530
3530-3531
3531-3532
3532-3533
3533-3534
3534-3535
3535-3536
3536-3537
3537-3538
3538-3539
3539-3540
3540-3541
3541-3542
3542-3543
3543-3544
3544-3545
3545-3546
3546-3547
3547-3548
3548-3549
3549-3550
3550-3551
3551-3552
3552-3553
3553-3554
3554-3555
3555-3556
3556-3557
3557-3558
3558-3559
3559-3560
3560-3561
3561-4000
1-3562
3562-3563
3563-3564
3564-3565
3565-3566
3566-3567
3567-3568
3568-3569
3569-3570
3570-3571
3571-3572
3572-3573
3573-3574
3574-3575
3575-3576
3576-3577
3577-3578
3578-3579
3579-3580
3580-3581
3581-3582
3582-3583
3583-3584
3584-3585
3585-3586
3586-3587
3587-3588
3588-3589
3589-3590
3590-3591
3591-3592
3592-3593
3593-3594
3594-3595
3595-3596
3596-3597
3597-3598
3598-3599
3599-3600
3600-3601
3601-4000
1-3602
3602-3603
3603-3604
3604-3605
3605-3606
3606-3607
3607-3608
3608-3609
3609-3610
3610-3611
3611-3612
3612-3613
3613-3614
3614-3615
3615-3616
3616-3617
3617-3618
3618-3619
3619-3620
3620-3621
3621-3622
3622-3623
3623-3624
3624-3625
3625-3626
3626-3627
3627-3628
3628-3629
3629-3630
3630-3631
3631-3632
3632-3633
3633-3634
3634-3635
3635-3636
3636-3637
3637-3638
3638-3639
3639-3640
3640-3641
3641-4000
1-3642
3642-3643
3643-3644
3644-3645
3645-3646
3646-3647
3647-3648
3648-3649
3649-3650
3650-3651
3651-3652
3652-3653
3653-3654
3654-3655
3655-3656
3656-3657
3657-3658
3658-3659
3659-3660
3660-3661
3661-3662
3662-3663
3663-3664
3664-3665
3665-3666
3666-3667
3667-3668
3668-3669
3669-3670
3670-3671
3671-3672
3672-3673
3673-3674
3674-3675
3675-3676
3676-3677
3677-3678
3678-3679
3679-3680
3680-3681
3681-4000
1-3682
3682-3683
3683-3684
3684-3685
3685-3686
3686-3687
3687-3688
3688-3689
3689-3690
3690-3691
3691-3692
3692-3693
3693-3694
3694-3695
3695-3696
3696-3697
3697-3698
3698-3699
3699-3700
3700-3701
3701-3702
3702-3703
3703-3704
3704-3705
3705-3706
3706-3707
3707-3708
3708-3709
3709-3710
3710-3711
3711-3712
3712-3713
3713-3714
3714-3715
3715-3716
3716-3717
3717-3718
3718-3719
3719-3720
3720-3721
3721-4000
1-3722
3722-3723
3723-3724
3724-3725
3725-3726
3726-3727
3727-3728
3728-3729
3729-3730
3730-3731
3731-3732
3732-3733
3733-3734
3734-3735
3735-3736
3736-3737
3737-3738
3738-3739
3739-3740
3740-3741
3741-3742
3742-3743
3743-3744
3744-3745
3745-3746
3746-3747
3747-3748
3748-3749
3749-3750
3750-3751
3751-3752
3752-3753
3753-3754
3754-3755
3755-3756
3756-3757
3757-3758
3758-3759
3759-3760
3760-3761
3761-4000
1-3762
3762-3763
3763-3764
3764-3765
3765-3766
3766-3767
3767-3768
3768-3769
3769-3770
3770-3771
3771-3772
3772-3773
3773-3774
3774-3775
3775-3776
3776-3777
3777-3778
3778-3779
3779-3780
3780-3781
3781-3782
3782-3783
3783-3784
3784-3785
3785-3786
3786-3787
3787-3788
3788-3789
3789-3790
3790-3791
3791-3792
3792-3793
3793-3794
3794-3795
3795-3796
3796-3797
3797-3798
3798-3799
3799-3800
3800-3801
3801-4000
1-3802
3802-3803
3803-3804
3804-3805
3805-3806
3806-3807
3807-3808
3808-3809
3809-3810
3810-3811
3811-3812
3812-3813
3813-3814
3814-3815
3815-3816
3816-3817
3817-3818
3818-3819
3819-3820
3820-3821
3821-3822
3822-3823
3823-3824
3824-3825
3825-3826
3826-3827
3827-3828
3828-3829
3829-3830
3830-3831
3831-3832
3832-3833
3833-3834
3834-3835
3835-3836
3836-3837
3837-3838
3838-3839
3839-3840
3840-3841
3841-4000
1-3842
3842-3843
3843-3844
3844-3845
3845-3846
3846-3847
3847-3848
3848-3849
3849-3850
3850-3851
3851-3852
3852-3853
3853-3854
3854-3855
3855-3856
3856-3857
3857-3858
3858-3859
3859-3860
3860-3861
3861-3862
3862-3863
3863-3864
3864-3865
3865-3866
3866-3867
3867-3868
3868-3869
3869-3870
3870-3871
3871-3872
3872-3873
3873-3874
3874-3875
3875-3876
3876-3877
3877-3878
3878-3879
3879-3880
3880-3881
3881-4000
1-3882
3882-3883
3883-3884
3884-3885
3885-3886
3886-3887
3887-3888
3888-3889
3889-3890
3890-3891
3891-3892
3892-3893
3893-3894
3894-3895
3895-3896
3896-3897
3897-3898
3898-3899
3899-3900
3900-3901
3901-3902
3902-3903
3903-3904
3904-3905
3905-3906
3906-3907
3907-3908
3908-3909
3909-3910
3910-3911
3911-3912
3912-3913
3913-3914
3914-3915
3915-3916
3916-3917
3917-3918
3918-3919
3919-3920
3920-3921
3921-4000
1-3922
3922-3923
3923-3924
3924-3925
3925-3926
3926-3927
3927-3928
3928-3929
3929-3930
3930-3931
3931-3932
3932-3933
3933-3934
3934-3935
3935-3936
3936-3937
3937-3938
3938-3939
3939-3940
3940-3941
3941-3942
3942-3943
3943-3944
3944-3945
3945-3946
3946-3947
3947-3948
3948-3949
3949-3950
3950-3951
3951-3952
3952-3953
3953-3954
3954-3955
3955-3956
3956-3957
3957-3958
3958-3959
3959-3960
3960-3961
3961-4000
1-3962
3962-3963
3963-3964
3964-3965
3965-3966
3966-3967
3967-3968
3968-3969
3969-3970
3970-3971
3971-3972
3972-3973
3973-3974
3974-3975
3975-3976
3976-3977
3977-3978
3978-3979
3979-3980
3980-3981
3981-3982
3982-3983
3983-3984
3984-3985
3985-3986
3986-3987
3987-3988
3988-3989
3989-3990
3990-3991
3991-3992
3992-3993
3993-3994
3994-3995
3995-3996
3996-3997
3997-3998
3998-3999
3999-4000
